Freq.	V(n002)/V(n006)
1.00000000000000e+003,3.47668876537622e+001,-8.89499456434184e+001
1.00695555005672e+003,3.47067019478708e+001,-8.89426435820659e+001
1.01395947979003e+003,3.46465165251656e+001,-8.89352907654007e+001
1.02101212570719e+003,3.45863313895971e+001,-8.89278868411170e+001
1.02811382665607e+003,3.45261465451708e+001,-8.89204314544739e+001
1.03526492384138e+003,3.44659619959480e+001,-8.89129242482787e+001
1.04246576084112e+003,3.44057777460466e+001,-8.89053648628699e+001
1.04971668362307e+003,3.43455937996419e+001,-8.88977529361007e+001
1.05701804056138e+003,3.42854101609675e+001,-8.88900881033218e+001
1.06437018245336e+003,3.42252268343158e+001,-8.88823699973647e+001
1.07177346253629e+003,3.41650438240394e+001,-8.88745982485241e+001
1.07922823650443e+003,3.41048611345512e+001,-8.88667724845408e+001
1.08673486252606e+003,3.40446787703258e+001,-8.88588923305844e+001
1.09429370126074e+003,3.39844967359000e+001,-8.88509574092357e+001
1.10190511587661e+003,3.39243150358740e+001,-8.88429673404692e+001
1.10956947206785e+003,3.38641336749121e+001,-8.88349217416348e+001
1.11728713807222e+003,3.38039526577436e+001,-8.88268202274410e+001
1.12505848468881e+003,3.37437719891635e+001,-8.88186624099361e+001
1.13288388529580e+003,3.36835916740339e+001,-8.88104478984900e+001
1.14076371586843e+003,3.36234117172845e+001,-8.88021762997770e+001
1.14869835499704e+003,3.35632321239138e+001,-8.87938472177563e+001
1.15668818390529e+003,3.35030528989898e+001,-8.87854602536543e+001
1.16473358646846e+003,3.34428740476514e+001,-8.87770150059460e+001
1.17283494923188e+003,3.33826955751087e+001,-8.87685110703359e+001
1.18099266142953e+003,3.33225174866447e+001,-8.87599480397395e+001
1.18920711500272e+003,3.32623397876161e+001,-8.87513255042646e+001
1.19747870461893e+003,3.32021624834538e+001,-8.87426430511918e+001
1.20580782769076e+003,3.31419855796648e+001,-8.87339002649557e+001
1.21419488439505e+003,3.30818090818327e+001,-8.87250967271253e+001
1.22264027769207e+003,3.30216329956187e+001,-8.87162320163850e+001
1.23114441334492e+003,3.29614573267631e+001,-8.87073057085147e+001
1.23970769993899e+003,3.29012820810861e+001,-8.86983173763703e+001
1.24833054890162e+003,3.28411072644890e+001,-8.86892665898640e+001
1.25701337452183e+003,3.27809328829553e+001,-8.86801529159443e+001
1.26575659397028e+003,3.27207589425517e+001,-8.86709759185760e+001
1.27456062731927e+003,3.26605854494297e+001,-8.86617351587199e+001
1.28342589756291e+003,3.26004124098263e+001,-8.86524301943127e+001
1.29235283063750e+003,3.25402398300653e+001,-8.86430605802466e+001
1.30134185544194e+003,3.24800677165588e+001,-8.86336258683486e+001
1.31039340385837e+003,3.24198960758080e+001,-8.86241256073600e+001
1.31950791077290e+003,3.23597249144048e+001,-8.86145593429153e+001
1.32868581409652e+003,3.22995542390329e+001,-8.86049266175218e+001
1.33792755478612e+003,3.22393840564689e+001,-8.85952269705379e+001
1.34723357686570e+003,3.21792143735839e+001,-8.85854599381523e+001
1.35660432744768e+003,3.21190451973448e+001,-8.85756250533627e+001
1.36604025675440e+003,3.20588765348153e+001,-8.85657218459542e+001
1.37554181813975e+003,3.19987083931576e+001,-8.85557498424775e+001
1.38510946811093e+003,3.19385407796336e+001,-8.85457085662275e+001
1.39474366635041e+003,3.18783737016063e+001,-8.85355975372216e+001
1.40444487573800e+003,3.18182071665413e+001,-8.85254162721769e+001
1.41421356237310e+003,3.17580411820079e+001,-8.85151642844890e+001
1.42405019559708e+003,3.16978757556810e+001,-8.85048410842092e+001
1.43395524801583e+003,3.16377108953424e+001,-8.84944461780220e+001
1.44392919552250e+003,3.15775466088820e+001,-8.84839790692229e+001
1.45397251732032e+003,3.15173829042997e+001,-8.84734392576956e+001
1.46408569594563e+003,3.14572197897068e+001,-8.84628262398890e+001
1.47426921729111e+003,3.13970572733273e+001,-8.84521395087944e+001
1.48452357062906e+003,3.13368953634999e+001,-8.84413785539222e+001
1.49484924863495e+003,3.12767340686793e+001,-8.84305428612790e+001
1.50524674741107e+003,3.12165733974377e+001,-8.84196319133439e+001
1.51571656651041e+003,3.11564133584668e+001,-8.84086451890450e+001
1.52625920896057e+003,3.10962539605792e+001,-8.83975821637358e+001
1.53687518128802e+003,3.10360952127101e+001,-8.83864423091713e+001
1.54756499354240e+003,3.09759371239192e+001,-8.83752250934843e+001
1.55832915932101e+003,3.09157797033920e+001,-8.83639299811608e+001
1.56916819579351e+003,3.08556229604421e+001,-8.83525564330162e+001
1.58008262372676e+003,3.07954669045124e+001,-8.83411039061707e+001
1.59107296750985e+003,3.07353115451774e+001,-8.83295718540247e+001
1.60213975517925e+003,3.06751568921447e+001,-8.83179597262342e+001
1.61328351844426e+003,3.06150029552569e+001,-8.83062669686859e+001
1.62450479271248e+003,3.05548497444938e+001,-8.82944930234725e+001
1.63580411711557e+003,3.04946972699736e+001,-8.82826373288670e+001
1.64718203453516e+003,3.04345455419556e+001,-8.82706993192979e+001
1.65863909162889e+003,3.03743945708417e+001,-8.82586784253235e+001
1.67017583885675e+003,3.03142443671783e+001,-8.82465740736066e+001
1.68179283050744e+003,3.02540949416587e+001,-8.82343856868882e+001
1.69349062472506e+003,3.01939463051248e+001,-8.82221126839625e+001
1.70526978353592e+003,3.01337984685692e+001,-8.82097544796500e+001
1.71713087287552e+003,3.00736514431377e+001,-8.81973104847718e+001
1.72907446261574e+003,3.00135052401306e+001,-8.81847801061231e+001
1.74110112659226e+003,2.99533598710056e+001,-8.81721627464467e+001
1.75321144263208e+003,2.98932153473798e+001,-8.81594578044065e+001
1.76540599258132e+003,2.98330716810314e+001,-8.81466646745607e+001
1.77768536233315e+003,2.97729288839028e+001,-8.81337827473344e+001
1.79005014185596e+003,2.97127869681021e+001,-8.81208114089932e+001
1.80250092522167e+003,2.96526459459059e+001,-8.81077500416155e+001
1.81503831063433e+003,2.95925058297612e+001,-8.80945980230650e+001
1.82766290045881e+003,2.95323666322883e+001,-8.80813547269636e+001
1.84037530124976e+003,2.94722283662825e+001,-8.80680195226632e+001
1.85317612378075e+003,2.94120910447174e+001,-8.80545917752180e+001
1.86606598307363e+003,2.93519546807463e+001,-8.80410708453567e+001
1.87904549842804e+003,2.92918192877059e+001,-8.80274560894538e+001
1.89211529345121e+003,2.92316848791176e+001,-8.80137468595016e+001
1.90527599608789e+003,2.91715514686911e+001,-8.79999425030819e+001
1.91852823865054e+003,2.91114190703263e+001,-8.79860423633368e+001
1.93187265784971e+003,2.90512876981164e+001,-8.79720457789401e+001
1.94530989482459e+003,2.89911573663500e+001,-8.79579520840687e+001
1.95884059517387e+003,2.89310280895145e+001,-8.79437606083729e+001
1.97246540898673e+003,2.88708998822985e+001,-8.79294706769473e+001
1.98618499087409e+003,2.88107727595943e+001,-8.79150816103017e+001
2.00000000000002e+003,2.87506467365012e+001,-8.79005927243309e+001
2.01391110011345e+003,2.86905218283283e+001,-8.78860033302855e+001
2.02791895958007e+003,2.86303980505969e+001,-8.78713127347414e+001
2.04202425141440e+003,2.85702754190440e+001,-8.78565202395703e+001
2.05622765331215e+003,2.85101539496251e+001,-8.78416251419090e+001
2.07052984768277e+003,2.84500336585170e+001,-8.78266267341294e+001
2.08493152168226e+003,2.83899145621213e+001,-8.78115243038074e+001
2.09943336724615e+003,2.83297966770669e+001,-8.77963171336929e+001
2.11403608112278e+003,2.82696800202138e+001,-8.77810045016781e+001
2.12874036490674e+003,2.82095646086558e+001,-8.77655856807673e+001
2.14354692507261e+003,2.81494504597238e+001,-8.77500599390451e+001
2.15845647300887e+003,2.80893375909893e+001,-8.77344265396453e+001
2.17346972505214e+003,2.80292260202675e+001,-8.77186847407193e+001
2.18858740252150e+003,2.79691157656207e+001,-8.77028337954044e+001
2.20381023175324e+003,2.79090068453619e+001,-8.76868729517923e+001
2.21913894413571e+003,2.78488992780578e+001,-8.76708014528967e+001
2.23457427614446e+003,2.77887930825329e+001,-8.76546185366212e+001
2.25011696937764e+003,2.77286882778725e+001,-8.76383234357273e+001
2.26576777059162e+003,2.76685848834267e+001,-8.76219153778017e+001
2.28152743173687e+003,2.76084829188137e+001,-8.76053935852238e+001
2.29739670999409e+003,2.75483824039239e+001,-8.75887572751328e+001
2.31337636781060e+003,2.74882833589230e+001,-8.75720056593948e+001
2.32946717293693e+003,2.74281858042567e+001,-8.75551379445700e+001
2.34566989846378e+003,2.73680897606538e+001,-8.75381533318790e+001
2.36198532285908e+003,2.73079952491303e+001,-8.75210510171696e+001
2.37841423000547e+003,2.72479022909935e+001,-8.75038301908835e+001
2.39495740923788e+003,2.71878109078458e+001,-8.74864900380223e+001
2.41161565538155e+003,2.71277211215890e+001,-8.74690297381136e+001
2.42838976879012e+003,2.70676329544282e+001,-8.74514484651773e+001
2.44528055538416e+003,2.70075464288761e+001,-8.74337453876912e+001
2.46228882668986e+003,2.69474615677570e+001,-8.74159196685567e+001
2.47941539987800e+003,2.68873783942114e+001,-8.73979704650645e+001
2.49666109780325e+003,2.68272969317001e+001,-8.73798969288597e+001
2.51402674904368e+003,2.67672172040089e+001,-8.73616982059073e+001
2.53151318794059e+003,2.67071392352525e+001,-8.73433734364574e+001
2.54912125463855e+003,2.66470630498797e+001,-8.73249217550096e+001
2.56685179512584e+003,2.65869886726774e+001,-8.73063422902784e+001
2.58470566127501e+003,2.65269161287757e+001,-8.72876341651575e+001
2.60268371088390e+003,2.64668454436521e+001,-8.72687964966844e+001
2.62078680771676e+003,2.64067766431368e+001,-8.72498283960048e+001
2.63901582154582e+003,2.63467097534172e+001,-8.72307289683367e+001
2.65737162819305e+003,2.62866448010429e+001,-8.72114973129347e+001
2.67585510957225e+003,2.62265818129307e+001,-8.71921325230536e+001
2.69446715373141e+003,2.61665208163693e+001,-8.71726336859127e+001
2.71320865489537e+003,2.61064618390250e+001,-8.71529998826589e+001
2.73208051350882e+003,2.60464049089464e+001,-8.71332301883307e+001
2.75108363627952e+003,2.59863500545696e+001,-8.71133236718211e+001
2.77021893622188e+003,2.59262973047240e+001,-8.70932793958415e+001
2.78948733270084e+003,2.58662466886370e+001,-8.70730964168843e+001
2.80888975147603e+003,2.58061982359401e+001,-8.70527737851860e+001
2.82842712474622e+003,2.57461519766737e+001,-8.70323105446903e+001
2.84810039119418e+003,2.56861079412935e+001,-8.70117057330107e+001
2.86791049603169e+003,2.56260661606756e+001,-8.69909583813930e+001
2.88785839104503e+003,2.55660266661223e+001,-8.69700675146779e+001
2.90794503464066e+003,2.55059894893681e+001,-8.69490321512636e+001
2.92817139189129e+003,2.54459546625857e+001,-8.69278513030677e+001
2.94853843458224e+003,2.53859222183915e+001,-8.69065239754894e+001
2.96904714125813e+003,2.53258921898521e+001,-8.68850491673717e+001
2.98969849726991e+003,2.52658646104904e+001,-8.68634258709634e+001
3.01049349482217e+003,2.52058395142914e+001,-8.68416530718805e+001
3.03143313302083e+003,2.51458169357091e+001,-8.68197297490682e+001
3.05251841792116e+003,2.50857969096725e+001,-8.67976548747626e+001
3.07375036257606e+003,2.50257794715921e+001,-8.67754274144518e+001
3.09512998708482e+003,2.49657646573664e+001,-8.67530463268377e+001
3.11665831864204e+003,2.49057525033890e+001,-8.67305105637969e+001
3.13833639158704e+003,2.48457430465547e+001,-8.67078190703422e+001
3.16016524745355e+003,2.47857363242667e+001,-8.66849707845838e+001
3.18214593501972e+003,2.47257323744432e+001,-8.66619646376899e+001
3.20427951035853e+003,2.46657312355250e+001,-8.66387995538481e+001
3.22656703688855e+003,2.46057329464818e+001,-8.66154744502256e+001
3.24900958542499e+003,2.45457375468201e+001,-8.65919882369310e+001
3.27160823423117e+003,2.44857450765898e+001,-8.65683398169739e+001
3.29436406907034e+003,2.44257555763923e+001,-8.65445280862263e+001
3.31727818325781e+003,2.43657690873874e+001,-8.65205519333828e+001
3.34035167771352e+003,2.43057856513011e+001,-8.64964102399212e+001
3.36358566101490e+003,2.42458053104333e+001,-8.64721018800630e+001
3.38698124945015e+003,2.41858281076654e+001,-8.64476257207335e+001
3.41053956707187e+003,2.41258540864684e+001,-8.64229806215224e+001
3.43426174575106e+003,2.40658832909107e+001,-8.63981654346441e+001
3.45814892523151e+003,2.40059157656663e+001,-8.63731790048976e+001
3.48220225318455e+003,2.39459515560229e+001,-8.63480201696272e+001
3.50642288526419e+003,2.38859907078901e+001,-8.63226877586821e+001
3.53081198516267e+003,2.38260332678081e+001,-8.62971805943769e+001
3.55537072466633e+003,2.37660792829560e+001,-8.62714974914515e+001
3.58010028371194e+003,2.37061288011602e+001,-8.62456372570314e+001
3.60500185044337e+003,2.36461818709037e+001,-8.62195986905875e+001
3.63007662126870e+003,2.35862385413345e+001,-8.61933805838964e+001
3.65532580091766e+003,2.35262988622745e+001,-8.61669817210000e+001
3.68075060249955e+003,2.34663628842291e+001,-8.61404008781661e+001
3.70635224756154e+003,2.34064306583958e+001,-8.61136368238482e+001
3.73213196614728e+003,2.33465022366738e+001,-8.60866883186454e+001
3.75809099685610e+003,2.32865776716734e+001,-8.60595541152626e+001
3.78423058690244e+003,2.32266570167256e+001,-8.60322329584707e+001
3.81055199217581e+003,2.31667403258918e+001,-8.60047235850667e+001
3.83705647730112e+003,2.31068276539733e+001,-8.59770247238334e+001
3.86374531569944e+003,2.30469190565216e+001,-8.59491350955005e+001
3.89061978964920e+003,2.29870145898483e+001,-8.59210534127039e+001
3.91768119034777e+003,2.29271143110352e+001,-8.58927783799466e+001
3.94493081797350e+003,2.28672182779449e+001,-8.58643086935590e+001
3.97236998174820e+003,2.28073265492310e+001,-8.58356430416590e+001
4.00000000000006e+003,2.27474391843484e+001,-8.58067801041127e+001
4.02782220022694e+003,2.26875562435648e+001,-8.57777185524953e+001
4.05583791916018e+003,2.26276777879709e+001,-8.57484570500511e+001
4.08404850282884e+003,2.25678038794916e+001,-8.57189942516551e+001
4.11245530662433e+003,2.25079345808971e+001,-8.56893288037731e+001
4.14105969536558e+003,2.24480699558142e+001,-8.56594593444232e+001
4.16986304336455e+003,2.23882100687376e+001,-8.56293845031368e+001
4.19886673449234e+003,2.23283549850417e+001,-8.55991029009199e+001
4.22807216224559e+003,2.22685047709921e+001,-8.55686131502143e+001
4.25748072981351e+003,2.22086594937575e+001,-8.55379138548595e+001
4.28709385014524e+003,2.21488192214217e+001,-8.55070036100540e+001
4.31691294601778e+003,2.20889840229957e+001,-8.54758810023176e+001
4.34693945010430e+003,2.20291539684301e+001,-8.54445446094531e+001
4.37717480504303e+003,2.19693291286276e+001,-8.54129930005088e+001
4.40762046350651e+003,2.19095095754553e+001,-8.53812247357407e+001
4.43827788827145e+003,2.18496953817578e+001,-8.53492383665756e+001
4.46914855228895e+003,2.17898866213701e+001,-8.53170324355735e+001
4.50023393875531e+003,2.17300833691305e+001,-8.52846054763908e+001
4.53153554118327e+003,2.16702857008940e+001,-8.52519560137440e+001
4.56305486347377e+003,2.16104936935457e+001,-8.52190825633729e+001
4.59479341998822e+003,2.15507074250142e+001,-8.51859836320046e+001
4.62675273562123e+003,2.14909269742857e+001,-8.51526577173179e+001
4.65893434587390e+003,2.14311524214176e+001,-8.51191033079074e+001
4.69133979692759e+003,2.13713838475527e+001,-8.50853188832482e+001
4.72397064571820e+003,2.13116213349336e+001,-8.50513029136614e+001
4.75682846001096e+003,2.12518649669169e+001,-8.50170538602791e+001
4.78991481847580e+003,2.11921148279879e+001,-8.49825701750101e+001
4.82323131076312e+003,2.11323710037756e+001,-8.49478503005065e+001
4.85677953758027e+003,2.10726335810672e+001,-8.49128926701293e+001
4.89056111076836e+003,2.10129026478238e+001,-8.48776957079160e+001
4.92457765337975e+003,2.09531782931953e+001,-8.48422578285476e+001
4.95883079975603e+003,2.08934606075362e+001,-8.48065774373159e+001
4.99332219560653e+003,2.08337496824213e+001,-8.47706529300922e+001
5.02805349808740e+003,2.07740456106614e+001,-8.47344826932952e+001
5.06302637588121e+003,2.07143484863194e+001,-8.46980651038603e+001
5.09824250927713e+003,2.06546584047269e+001,-8.46613985292093e+001
5.13370359025170e+003,2.05949754625004e+001,-8.46244813272197e+001
5.16941132255006e+003,2.05352997575579e+001,-8.45873118461955e+001
5.20536742176782e+003,2.04756313891362e+001,-8.45498884248386e+001
5.24157361543354e+003,2.04159704578074e+001,-8.45122093922194e+001
5.27803164309167e+003,2.03563170654967e+001,-8.44742730677498e+001
5.31474325638614e+003,2.02966713154995e+001,-8.44360777611551e+001
5.35171021914454e+003,2.02370333124992e+001,-8.43976217724479e+001
5.38893430746286e+003,2.01774031625852e+001,-8.43589033919016e+001
5.42641730979078e+003,2.01177809732709e+001,-8.43199209000249e+001
5.46416102701768e+003,2.00581668535121e+001,-8.42806725675374e+001
5.50216727255907e+003,1.99985609137254e+001,-8.42411566553447e+001
5.54043787244380e+003,1.99389632658070e+001,-8.42013714145159e+001
5.57897466540172e+003,1.98793740231516e+001,-8.41613150862600e+001
5.61777950295209e+003,1.98197933006718e+001,-8.41209859019043e+001
5.65685424949248e+003,1.97602212148172e+001,-8.40803820828734e+001
5.69620078238839e+003,1.97006578835942e+001,-8.40395018406682e+001
5.73582099206341e+003,1.96411034265857e+001,-8.39983433768468e+001
5.77571678209009e+003,1.95815579649715e+001,-8.39569048830053e+001
5.81589006928135e+003,1.95220216215482e+001,-8.39151845407602e+001
5.85634278378261e+003,1.94624945207498e+001,-8.38731805217309e+001
5.89707686916451e+003,1.94029767886687e+001,-8.38308909875240e+001
5.93809428251631e+003,1.93434685530764e+001,-8.37883140897179e+001
5.97939699453987e+003,1.92839699434452e+001,-8.37454479698480e+001
6.02098698964438e+003,1.92244810909688e+001,-8.37022907593945e+001
6.06286626604171e+003,1.91650021285849e+001,-8.36588405797690e+001
6.10503683584235e+003,1.91055331909966e+001,-8.36150955423039e+001
6.14750072515217e+003,1.90460744146949e+001,-8.35710537482419e+001
6.19025997416968e+003,1.89866259379808e+001,-8.35267132887270e+001
6.23331663728412e+003,1.89271879009881e+001,-8.34820722447967e+001
6.27667278317413e+003,1.88677604457066e+001,-8.34371286873746e+001
6.32033049490714e+003,1.88083437160047e+001,-8.33918806772655e+001
6.36429187003947e+003,1.87489378576534e+001,-8.33463262651501e+001
6.40855902071710e+003,1.86895430183496e+001,-8.33004634915826e+001
6.45313407377714e+003,1.86301593477400e+001,-8.32542903869881e+001
6.49801917085001e+003,1.85707869974455e+001,-8.32078049716623e+001
6.54321646846238e+003,1.85114261210855e+001,-8.31610052557723e+001
6.58872813814071e+003,1.84520768743026e+001,-8.31138892393580e+001
6.63455636651566e+003,1.83927394147874e+001,-8.30664549123366e+001
6.68070335542709e+003,1.83334139023041e+001,-8.30187002545064e+001
6.72717132202985e+003,1.82741004987154e+001,-8.29706232355539e+001
6.77396249890035e+003,1.82147993680089e+001,-8.29222218150615e+001
6.82107913414379e+003,1.81555106763223e+001,-8.28734939425167e+001
6.86852349150217e+003,1.80962345919704e+001,-8.28244375573233e+001
6.91629785046306e+003,1.80369712854712e+001,-8.27750505888141e+001
6.96440450636913e+003,1.79777209295728e+001,-8.27253309562647e+001
7.01284577052842e+003,1.79184836992803e+001,-8.26752765689101e+001
7.06162397032538e+003,1.78592597718836e+001,-8.26248853259617e+001
7.11074144933271e+003,1.78000493269844e+001,-8.25741551166275e+001
7.16020056742393e+003,1.77408525465244e+001,-8.25230838201326e+001
7.21000370088679e+003,1.76816696148134e+001,-8.24716693057431e+001
7.26015324253744e+003,1.76225007185578e+001,-8.24199094327905e+001
7.31065160183536e+003,1.75633460468890e+001,-8.23678020506989e+001
7.36150120499915e+003,1.75042057913928e+001,-8.23153449990140e+001
7.41270449512312e+003,1.74450801461380e+001,-8.22625361074340e+001
7.46426393229462e+003,1.73859693077068e+001,-8.22093731958427e+001
7.51618199371225e+003,1.73268734752237e+001,-8.21558540743447e+001
7.56846117380493e+003,1.72677928503861e+001,-8.21019765433025e+001
7.62110398435166e+003,1.72087276374944e+001,-8.20477383933762e+001
7.67411295460228e+003,1.71496780434830e+001,-8.19931374055654e+001
7.72749063139893e+003,1.70906442779506e+001,-8.19381713512532e+001
7.78123957929845e+003,1.70316265531917e+001,-8.18828379922525e+001
7.83536238069558e+003,1.69726250842283e+001,-8.18271350808550e+001
7.88986163594704e+003,1.69136400888412e+001,-8.17710603598827e+001
7.94473996349646e+003,1.68546717876022e+001,-8.17146115627413e+001
8.00000000000017e+003,1.67957204039062e+001,-8.16577864134771e+001
8.05564440045392e+003,1.67367861640041e+001,-8.16005826268354e+001
8.11167583832041e+003,1.66778692970354e+001,-8.15429979083227e+001
8.16809700565772e+003,1.66189700350614e+001,-8.14850299542709e+001
8.22491061324871e+003,1.65600886130985e+001,-8.14266764519042e+001
8.28211939073120e+003,1.65012252691517e+001,-8.13679350794095e+001
8.33972608672916e+003,1.64423802442490e+001,-8.13088035060091e+001
8.39773346898472e+003,1.63835537824752e+001,-8.12492793920364e+001
8.45614432449123e+003,1.63247461310065e+001,-8.11893603890150e+001
8.51496145962707e+003,1.62659575401451e+001,-8.11290441397402e+001
8.57418770029054e+003,1.62071882633547e+001,-8.10683282783644e+001
8.63382589203561e+003,1.61484385572949e+001,-8.10072104304852e+001
8.69387890020866e+003,1.60897086818576e+001,-8.09456882132367e+001
8.75434961008612e+003,1.60309989002023e+001,-8.08837592353843e+001
8.81524092701309e+003,1.59723094787925e+001,-8.08214210974230e+001
8.87655577654296e+003,1.59136406874314e+001,-8.07586713916787e+001
8.93829710457797e+003,1.58549927992992e+001,-8.06955077024134e+001
9.00046787751068e+003,1.57963660909896e+001,-8.06319276059338e+001
9.06307108236660e+003,1.57377608425467e+001,-8.05679286707035e+001
9.12610972694760e+003,1.56791773375026e+001,-8.05035084574589e+001
9.18958683997649e+003,1.56206158629149e+001,-8.04386645193291e+001
9.25350547124252e+003,1.55620767094044e+001,-8.03733944019592e+001
9.31786869174786e+003,1.55035601711932e+001,-8.03076956436378e+001
9.38267959385525e+003,1.54450665461430e+001,-8.02415657754287e+001
9.44794129143646e+003,1.53865961357937e+001,-8.01750023213058e+001
9.51365692002199e+003,1.53281492454018e+001,-8.01080027982931e+001
9.57982963695165e+003,1.52697261839797e+001,-8.00405647166084e+001
9.64646262152631e+003,1.52113272643348e+001,-7.99726855798110e+001
9.71355907516061e+003,1.51529528031087e+001,-7.99043628849543e+001
9.78112222153678e+003,1.50946031208170e+001,-7.98355941227427e+001
9.84915530675957e+003,1.50362785418890e+001,-7.97663767776923e+001
9.91766159951213e+003,1.49779793947076e+001,-7.96967083282971e+001
9.98664439121314e+003,1.49197060116497e+001,-7.96265862471993e+001
1.00561069961749e+004,1.48614587291264e+001,-7.95560080013644e+001
1.01260527517625e+004,1.48032378876235e+001,-7.94849710522610e+001
1.01964850185543e+004,1.47450438317424e+001,-7.94134728560455e+001
1.02674071805035e+004,1.46868769102409e+001,-7.93415108637523e+001
1.03388226451002e+004,1.46287374760741e+001,-7.92690825214878e+001
1.04107348435357e+004,1.45706258864357e+001,-7.91961852706307e+001
1.04831472308672e+004,1.45125425027996e+001,-7.91228165480367e+001
1.05560632861834e+004,1.44544876909609e+001,-7.90489737862491e+001
1.06294865127724e+004,1.43964618210777e+001,-7.89746544137140e+001
1.07034204382892e+004,1.43384652677131e+001,-7.88998558550017e+001
1.07778686149258e+004,1.42804984098764e+001,-7.88245755310329e+001
1.08528346195816e+004,1.42225616310658e+001,-7.87488108593108e+001
1.09283220540354e+004,1.41646553193098e+001,-7.86725592541592e+001
1.10043345451182e+004,1.41067798672096e+001,-7.85958181269657e+001
1.10808757448877e+004,1.40489356719813e+001,-7.85185848864313e+001
1.11579493308035e+004,1.39911231354981e+001,-7.84408569388253e+001
1.12355590059043e+004,1.39333426643323e+001,-7.83626316882471e+001
1.13137084989851e+004,1.38755946697984e+001,-7.82839065368932e+001
1.13924015647769e+004,1.38178795679945e+001,-7.82046788853306e+001
1.14716419841269e+004,1.37601977798455e+001,-7.81249461327772e+001
1.15514335641803e+004,1.37025497311449e+001,-7.80447056773871e+001
1.16317801385628e+004,1.36449358525977e+001,-7.79639549165440e+001
1.17126855675653e+004,1.35873565798622e+001,-7.78826912471595e+001
1.17941537383291e+004,1.35298123535927e+001,-7.78009120659793e+001
1.18761885650327e+004,1.34723036194819e+001,-7.77186147698950e+001
1.19587939890798e+004,1.34148308283027e+001,-7.76357967562638e+001
1.20419739792889e+004,1.33573944359506e+001,-7.75524554232339e+001
1.21257325320835e+004,1.32999949034855e+001,-7.74685881700774e+001
1.22100736716848e+004,1.32426326971742e+001,-7.73841923975306e+001
1.22950014503044e+004,1.31853082885315e+001,-7.72992655081402e+001
1.23805199483394e+004,1.31280221543624e+001,-7.72138049066183e+001
1.24666332745683e+004,1.30707747768032e+001,-7.71278080002028e+001
1.25533455663483e+004,1.30135666433634e+001,-7.70412721990270e+001
1.26406609898144e+004,1.29563982469662e+001,-7.69541949164952e+001
1.27285837400790e+004,1.28992700859899e+001,-7.68665735696664e+001
1.28171180414343e+004,1.28421826643084e+001,-7.67784055796455e+001
1.29062681475544e+004,1.27851364913317e+001,-7.66896883719822e+001
1.29960383417001e+004,1.27281320820462e+001,-7.66004193770776e+001
1.30864329369249e+004,1.26711699570545e+001,-7.65105960305987e+001
1.31774562762815e+004,1.26142506426147e+001,-7.64202157739001e+001
1.32691127330314e+004,1.25573746706804e+001,-7.63292760544549e+001
1.33614067108543e+004,1.25005425789388e+001,-7.62377743262926e+001
1.34543426440598e+004,1.24437549108499e+001,-7.61457080504454e+001
1.35479249978008e+004,1.23870122156840e+001,-7.60530746954029e+001
1.36421582682877e+004,1.23303150485600e+001,-7.59598717375747e+001
1.37370469830044e+004,1.22736639704823e+001,-7.58660966617616e+001
1.38325957009262e+004,1.22170595483777e+001,-7.57717469616347e+001
1.39288090127384e+004,1.21605023551316e+001,-7.56768201402236e+001
1.40256915410570e+004,1.21039929696242e+001,-7.55813137104123e+001
1.41232479406509e+004,1.20475319767651e+001,-7.54852251954449e+001
1.42214828986655e+004,1.19911199675283e+001,-7.53885521294379e+001
1.43204011348480e+004,1.19347575389865e+001,-7.52912920579034e+001
1.44200074017737e+004,1.18784452943440e+001,-7.51934425382794e+001
1.45203064850750e+004,1.18221838429698e+001,-7.50950011404694e+001
1.46213032036708e+004,1.17659738004296e+001,-7.49959654473914e+001
1.47230024099984e+004,1.17098157885174e+001,-7.48963330555343e+001
1.48254089902464e+004,1.16537104352857e+001,-7.47961015755247e+001
1.49285278645893e+004,1.15976583750757e+001,-7.46952686327018e+001
1.50323639874246e+004,1.15416602485460e+001,-7.45938318677015e+001
1.51369223476100e+004,1.14857167027014e+001,-7.44917889370494e+001
1.52422079687034e+004,1.14298283909194e+001,-7.43891375137629e+001
1.53482259092047e+004,1.13739959729775e+001,-7.42858752879624e+001
1.54549812627980e+004,1.13182201150780e+001,-7.41819999674915e+001
1.55624791585970e+004,1.12625014898729e+001,-7.40775092785460e+001
1.56707247613913e+004,1.12068407764871e+001,-7.39724009663127e+001
1.57797232718942e+004,1.11512386605414e+001,-7.38666727956168e+001
1.58894799269930e+004,1.10956958341731e+001,-7.37603225515782e+001
1.60000000000005e+004,1.10402129960571e+001,-7.36533480402776e+001
1.61112888009080e+004,1.09847908514245e+001,-7.35457470894312e+001
1.62233516766409e+004,1.09294301120806e+001,-7.34375175490745e+001
1.63361940113156e+004,1.08741314964217e+001,-7.33286572922554e+001
1.64498212264976e+004,1.08188957294506e+001,-7.32191642157365e+001
1.65642387814625e+004,1.07637235427907e+001,-7.31090362407056e+001
1.66794521734584e+004,1.07086156746985e+001,-7.29982713134966e+001
1.67954669379696e+004,1.06535728700756e+001,-7.28868674063181e+001
1.69122886489826e+004,1.05985958804782e+001,-7.27748225179916e+001
1.70299229192543e+004,1.05436854641256e+001,-7.26621346746982e+001
1.71483754005812e+004,1.04888423859078e+001,-7.25488019307347e+001
1.72676517840714e+004,1.04340674173902e+001,-7.24348223692779e+001
1.73877578004175e+004,1.03793613368181e+001,-7.23201941031579e+001
1.75086992201724e+004,1.03247249291184e+001,-7.22049152756399e+001
1.76304818540263e+004,1.02701589859008e+001,-7.20889840612145e+001
1.77531115530861e+004,1.02156643054560e+001,-7.19723986663970e+001
1.78765942091561e+004,1.01612416927533e+001,-7.18551573305341e+001
1.80009357550215e+004,1.01068919594357e+001,-7.17372583266198e+001
1.81261421647333e+004,1.00526159238130e+001,-7.16186999621190e+001
1.82522194538953e+004,9.99841441085409e+000,-7.14994805797992e+001
1.83791736799531e+004,9.94428825217567e+000,-7.13795985585700e+001
1.85070109424852e+004,9.89023828603048e+000,-7.12590523143308e+001
1.86357373834959e+004,9.83626535729257e+000,-7.11378403008259e+001
1.87653591877106e+004,9.78237031744091e+000,-7.10159610105066e+001
1.88958825828731e+004,9.72855402454068e+000,-7.08934129754021e+001
1.90273138400441e+004,9.67481734322250e+000,-7.07701947679953e+001
1.91596592739035e+004,9.62116114465940e+000,-7.06463050021082e+001
1.92929252430528e+004,9.56758630654153e+000,-7.05217423337920e+001
1.94271181503214e+004,9.51409371304855e+000,-7.03965054622250e+001
1.95622444430737e+004,9.46068425481971e+000,-7.02705931306163e+001
1.96983106135193e+004,9.40735882892144e+000,-7.01440041271165e+001
1.98353231990244e+004,9.35411833881258e+000,-7.00167372857333e+001
1.99732887824264e+004,9.30096369430708e+000,-6.98887914872539e+001
2.01122139923499e+004,9.24789581153413e+000,-6.97601656601720e+001
2.02521055035251e+004,9.19491561289575e+000,-6.96308587816209e+001
2.03929700371089e+004,9.14202402702170e+000,-6.95008698783112e+001
2.05348143610071e+004,9.08922198872174e+000,-6.93701980274729e+001
2.06776452902006e+004,9.03651043893519e+000,-6.92388423578025e+001
2.08214696870716e+004,8.98389032467766e+000,-6.91068020504142e+001
2.09662944617345e+004,8.93136259898499e+000,-6.89740763397946e+001
2.11121265723670e+004,8.87892822085434e+000,-6.88406645147612e+001
2.12589730255449e+004,8.82658815518241e+000,-6.87065659194239e+001
2.14068408765785e+004,8.77434337270063e+000,-6.85717799541498e+001
2.15557372298518e+004,8.72219484990744e+000,-6.84363060765298e+001
2.17056692391635e+004,8.67014356899751e+000,-6.83001438023484e+001
2.18566441080711e+004,8.61819051778786e+000,-6.81632927065541e+001
2.20086690902366e+004,8.56633668964096e+000,-6.80257524242320e+001
2.21617514897755e+004,8.51458308338457e+000,-6.78875226515776e+001
2.23158986616072e+004,8.46293070322843e+000,-6.77486031468703e+001
2.24711180118087e+004,8.41138055867778e+000,-6.76089937314477e+001
2.26274169979703e+004,8.35993366444350e+000,-6.74686942906802e+001
2.27848031295539e+004,8.30859104034908e+000,-6.73277047749437e+001
2.29432839682540e+004,8.25735371123411e+000,-6.71860252005920e+001
2.31028671283607e+004,8.20622270685456e+000,-6.70436556509276e+001
2.32635602771258e+004,8.15519906177950e+000,-6.69005962771704e+001
2.34253711351308e+004,8.10428381528453e+000,-6.67568472994234e+001
2.35883074766584e+004,8.05347801124159e+000,-6.66124090076362e+001
2.37523771300656e+004,8.00278269800547e+000,-6.64672817625641e+001
2.39175879781598e+004,7.95219892829663e+000,-6.63214659967239e+001
2.40839479585779e+004,7.90172775908055e+000,-6.61749622153446e+001
2.42514650641672e+004,7.85137025144353e+000,-6.60277709973135e+001
2.44201473433698e+004,7.80112747046485e+000,-6.58798929961158e+001
2.45900029006090e+004,7.75100048508536e+000,-6.57313289407690e+001
2.47610398966791e+004,7.70099036797245e+000,-6.55820796367495e+001
2.49332665491369e+004,7.65109819538130e+000,-6.54321459669129e+001
2.51066911326969e+004,7.60132504701257e+000,-6.52815288924053e+001
2.52813219796289e+004,7.55167200586634e+000,-6.51302294535668e+001
2.54571674801583e+004,7.50214015809241e+000,-6.49782487708252e+001
2.56342360828688e+004,7.45273059283692e+000,-6.48255880455807e+001
2.58125362951089e+004,7.40344440208520e+000,-6.46722485610794e+001
2.59920766834004e+004,7.35428268050101e+000,-6.45182316832759e+001
2.61728658738499e+004,7.30524652526201e+000,-6.43635388616850e+001
2.63549125525633e+004,7.25633703589159e+000,-6.42081716302199e+001
2.65382254660631e+004,7.20755531408693e+000,-6.40521316080179e+001
2.67228134217088e+004,7.15890246354344e+000,-6.38954205002530e+001
2.69086852881198e+004,7.11037958977546e+000,-6.37380400989330e+001
2.70958499956018e+004,7.06198779993333e+000,-6.35799922836826e+001
2.72843165365756e+004,7.01372820261681e+000,-6.34212790225101e+001
2.74740939660091e+004,6.96560190768477e+000,-6.32619023725582e+001
2.76651914018527e+004,6.91761002606143e+000,-6.31018644808375e+001
2.78576180254770e+004,6.86975366953883e+000,-6.29411675849421e+001
2.80513830821141e+004,6.82203395057585e+000,-6.27798140137467e+001
2.82464958813020e+004,6.77445198209363e+000,-6.26178061880850e+001
2.84429657973313e+004,6.72700887726751e+000,-6.24551466214074e+001
2.86408022696961e+004,6.67970574931548e+000,-6.22918379204188e+001
2.88400148035476e+004,6.63254371128319e+000,-6.21278827856944e+001
2.90406129701502e+004,6.58552387582564e+000,-6.19632840122742e+001
2.92426064073419e+004,6.53864735498540e+000,-6.17980444902341e+001
2.94460048199971e+004,6.49191525996765e+000,-6.16321672052338e+001
2.96508179804929e+004,6.44532870091189e+000,-6.14656552390404e+001
2.98570557291789e+004,6.39888878666056e+000,-6.12985117700277e+001
3.00647279748495e+004,6.35259662452437e+000,-6.11307400736486e+001
3.02738446952202e+004,6.30645332004477e+000,-6.09623435228825e+001
3.04844159374071e+004,6.26045997675322e+000,-6.07933255886551e+001
3.06964518184096e+004,6.21461769592765e+000,-6.06236898402304e+001
3.09099625255962e+004,6.16892757634607e+000,-6.04534399455748e+001
3.11249583171943e+004,6.12339071403727e+000,-6.02825796716914e+001
3.13414495227828e+004,6.07800820202898e+000,-6.01111128849252e+001
3.15594465437887e+004,6.03278113009332e+000,-5.99390435512374e+001
3.17789598539863e+004,5.98771058448973e+000,-5.97663757364493e+001
3.20000000000012e+004,5.94279764770546e+000,-5.95931136064532e+001
3.22225776018162e+004,5.89804339819375e+000,-5.94192614273927e+001
3.24467033532821e+004,5.85344891010974e+000,-5.92448235658082e+001
3.26723880226314e+004,5.80901525304422e+000,-5.90698044887501e+001
3.28996424529954e+004,5.76474349175536e+000,-5.88942087638571e+001
3.31284775629253e+004,5.72063468589857e+000,-5.87180410594001e+001
3.33589043469171e+004,5.67668988975436e+000,-5.85413061442900e+001
3.35909338759394e+004,5.63291015195475e+000,-5.83640088880508e+001
3.38245772979654e+004,5.58929651520792e+000,-5.81861542607550e+001
3.40598458385088e+004,5.54585001602140e+000,-5.80077473329225e+001
3.42967508011627e+004,5.50257168442409e+000,-5.78287932753823e+001
3.45353035681430e+004,5.45946254368683e+000,-5.76492973590955e+001
3.47755156008352e+004,5.41652361004217e+000,-5.74692649549406e+001
3.50173984403450e+004,5.37375589240292e+000,-5.72887015334592e+001
3.52609637080529e+004,5.33116039208018e+000,-5.71076126645631e+001
3.55062231061724e+004,5.28873810250048e+000,-5.69260040172008e+001
3.57531884183124e+004,5.24649000892253e+000,-5.67438813589848e+001
3.60018715100433e+004,5.20441708815362e+000,-5.65612505557779e+001
3.62522843294670e+004,5.16252030826566e+000,-5.63781175712387e+001
3.65044389077910e+004,5.12080062831139e+000,-5.61944884663263e+001
3.67583473599065e+004,5.07925899804040e+000,-5.60103693987637e+001
3.70140218849706e+004,5.03789635761565e+000,-5.58257666224591e+001
3.72714747669920e+004,4.99671363733023e+000,-5.56406864868858e+001
3.75307183754216e+004,4.95571175732473e+000,-5.54551354364204e+001
3.77917651657464e+004,4.91489162730539e+000,-5.52691200096378e+001
3.80546276800886e+004,4.87425414626306e+000,-5.50826468385650e+001
3.83193185478072e+004,4.83380020219332e+000,-5.48957226478920e+001
3.85858504861058e+004,4.79353067181769e+000,-5.47083542541403e+001
3.88542363006430e+004,4.75344642030636e+000,-5.45205485647890e+001
3.91244888861477e+004,4.71354830100247e+000,-5.43323125773581e+001
3.93966212270389e+004,4.67383715514806e+000,-5.41436533784499e+001
3.96706463980491e+004,4.63431381161200e+000,-5.39545781427478e+001
3.99465775648532e+004,4.59497908661999e+000,-5.37650941319722e+001
4.02244279847001e+004,4.55583378348679e+000,-5.35752086937954e+001
4.05042110070506e+004,4.51687869235091e+000,-5.33849292607135e+001
4.07859400742180e+004,4.47811458991194e+000,-5.31942633488773e+001
4.10696287220146e+004,4.43954223917055e+000,-5.30032185568808e+001
4.13552905804014e+004,4.40116238917162e+000,-5.28118025645093e+001
4.16429393741435e+004,4.36297577475031e+000,-5.26200231314463e+001
4.19325889234693e+004,4.32498311628158e+000,-5.24278880959392e+001
4.22242531447343e+004,4.28718511943312e+000,-5.22354053734260e+001
4.25179460510901e+004,4.24958247492195e+000,-5.20425829551209e+001
4.28136817531573e+004,4.21217585827480e+000,-5.18494289065614e+001
4.31114744597038e+004,4.17496592959255e+000,-5.16559513661164e+001
4.34113384783272e+004,4.13795333331873e+000,-5.14621585434559e+001
4.37132882161424e+004,4.10113869801247e+000,-5.12680587179828e+001
4.40173381804736e+004,4.06452263612577e+000,-5.10736602372280e+001
4.43235029795514e+004,4.02810574378559e+000,-5.08789715152086e+001
4.46317973232148e+004,3.99188860058063e+000,-5.06840010307501e+001
4.49422360236177e+004,3.95587176935311e+000,-5.04887573257743e+001
4.52548339959409e+004,3.92005579599568e+000,-5.02932490035519e+001
4.55696062591082e+004,3.88444120925362e+000,-5.00974847269218e+001
4.58865679365084e+004,3.84902852053238e+000,-4.99014732164778e+001
4.62057342567218e+004,3.81381822371080e+000,-4.97052232487228e+001
4.65271205542519e+004,3.77881079495994e+000,-4.95087436541928e+001
4.68507422702619e+004,3.74400669256782e+000,-4.93120433155495e+001
4.71766149533172e+004,3.70940635677009e+000,-4.91151311656445e+001
4.75047542601315e+004,3.67501020958687e+000,-4.89180161855553e+001
4.78351759563200e+004,3.64081865466580e+000,-4.87207074025929e+001
4.81678959171562e+004,3.60683207713139e+000,-4.85232138882844e+001
4.85029301283348e+004,3.57305084344100e+000,-4.83255447563296e+001
4.88402946867399e+004,3.53947530124725e+000,-4.81277091605334e+001
4.91800058012184e+004,3.50610577926719e+000,-4.79297162927157e+001
4.95220797933585e+004,3.47294258715837e+000,-4.77315753805986e+001
4.98665330982741e+004,3.43998601540163e+000,-4.75332956856733e+001
5.02133822653942e+004,3.40723633519100e+000,-4.73348865010473e+001
5.05626439592583e+004,3.37469379833073e+000,-4.71363571492728e+001
5.09143349603169e+004,3.34235863713933e+000,-4.69377169801582e+001
5.12684721657380e+004,3.31023106436099e+000,-4.67389753685635e+001
5.16250725902183e+004,3.27831127308427e+000,-4.65401417121809e+001
5.19841533668013e+004,3.24659943666815e+000,-4.63412254293018e+001
5.23457317477002e+004,3.21509570867554e+000,-4.61422359565718e+001
5.27098251051269e+004,3.18380022281427e+000,-4.59431827467340e+001
5.30764509321265e+004,3.15271309288566e+000,-4.57440752663642e+001
5.34456268434179e+004,3.12183441274059e+000,-4.55449229935955e+001
5.38173705762400e+004,3.09116425624330e+000,-4.53457354158382e+001
5.41916999912041e+004,3.06070267724273e+000,-4.51465220274923e+001
5.45686330731516e+004,3.03044970955163e+000,-4.49472923276563e+001
5.49481879320186e+004,3.00040536693326e+000,-4.47480558178330e+001
5.53303828037058e+004,2.97056964309584e+000,-4.45488219996333e+001
5.57152360509544e+004,2.94094251169474e+000,-4.43496003724799e+001
5.61027661642287e+004,2.91152392634230e+000,-4.41504004313120e+001
5.64929917626044e+004,2.88231382062539e+000,-4.39512316642919e+001
5.68859315946630e+004,2.85331210813060e+000,-4.37521035505157e+001
5.72816045393927e+004,2.82451868247717e+000,-4.35530255577289e+001
5.76800296070956e+004,2.79593341735747e+000,-4.33540071400481e+001
5.80812259403008e+004,2.76755616658512e+000,-4.31550577356907e+001
5.84852128146842e+004,2.73938676415064e+000,-4.29561867647131e+001
5.88920096399946e+004,2.71142502428469e+000,-4.27574036267595e+001
5.93016359609863e+004,2.68367074152863e+000,-4.25587176988220e+001
5.97141114583583e+004,2.65612369081265e+000,-4.23601383330140e+001
6.01294559496994e+004,2.62878362754111e+000,-4.21616748543569e+001
6.05476893904408e+004,2.60165028768520e+000,-4.19633365585826e+001
6.09688318748147e+004,2.57472338788286e+000,-4.17651327099527e+001
6.13929036368196e+004,2.54800262554569e+000,-4.15670725390955e+001
6.18199250511928e+004,2.52148767897299e+000,-4.13691652408612e+001
6.22499166343890e+004,2.49517820747273e+000,-4.11714199721981e+001
6.26828990455661e+004,2.46907385148931e+000,-4.09738458500501e+001
6.31188930875778e+004,2.44317423273810e+000,-4.07764519492759e+001
6.35579197079731e+004,2.41747895434666e+000,-4.05792473005924e+001
6.40000000000029e+004,2.39198760100239e+000,-4.03822408885425e+001
6.44451552036329e+004,2.36669973910666e+000,-4.01854416494886e+001
6.48934067065648e+004,2.34161491693521e+000,-3.99888584696329e+001
6.53447760452633e+004,2.31673266480469e+000,-3.97925001830651e+001
6.57992849059912e+004,2.29205249524529e+000,-3.95963755698391e+001
6.62569551258511e+004,2.26757390317922e+000,-3.94004933540789e+001
6.67178086938348e+004,2.24329636610494e+000,-3.92048622021162e+001
6.71818677518793e+004,2.21921934428712e+000,-3.90094907206574e+001
6.76491545959314e+004,2.19534228095193e+000,-3.88143874549850e+001
6.81196916770181e+004,2.17166460248779e+000,-3.86195608871904e+001
6.85935016023259e+004,2.14818571865122e+000,-3.84250194344420e+001
6.90706071362865e+004,2.12490502277777e+000,-3.82307714472863e+001
6.95510312016709e+004,2.10182189199778e+000,-3.80368252079862e+001
7.00347968806905e+004,2.07893568745688e+000,-3.78431889288934e+001
7.05219274161063e+004,2.05624575454105e+000,-3.76498707508593e+001
7.10124462123453e+004,2.03375142310603e+000,-3.74568787416815e+001
7.15063768366253e+004,2.01145200771098e+000,-3.72642208945894e+001
7.20037430200871e+004,1.98934680785623e+000,-3.70719051267679e+001
7.25045686589344e+004,1.96743510822480e+000,-3.68799392779192e+001
7.30088778155825e+004,1.94571617892779e+000,-3.66883311088650e+001
7.35166947198136e+004,1.92418927575320e+000,-3.64970883001881e+001
7.40280437699418e+004,1.90285364041819e+000,-3.63062184509141e+001
7.45429495339846e+004,1.88170850082449e+000,-3.61157290772336e+001
7.50614367508437e+004,1.86075307131688e+000,-3.59256276112657e+001
7.55835303314934e+004,1.83998655294446e+000,-3.57359213998619e+001
7.61092553601777e+004,1.81940813372470e+000,-3.55466177034523e+001
7.66386370956150e+004,1.79901698890991e+000,-3.53577236949328e+001
7.71717009722122e+004,1.77881228125601e+000,-3.51692464585942e+001
7.77084726012866e+004,1.75879316129359e+000,-3.49811929890937e+001
7.82489777722960e+004,1.73895876760081e+000,-3.47935701904675e+001
7.87932424540783e+004,1.71930822707816e+000,-3.46063848751869e+001
7.93412927960988e+004,1.69984065522489e+000,-3.44196437632552e+001
7.98931551297069e+004,1.68055515641685e+000,-3.42333534813476e+001
8.04488559694008e+004,1.66145082418566e+000,-3.40475205619932e+001
8.10084220141017e+004,1.64252674149900e+000,-3.38621514427987e+001
8.15718801484366e+004,1.62378198104184e+000,-3.36772524657147e+001
8.21392574440297e+004,1.60521560549846e+000,-3.34928298763430e+001
8.27105811608034e+004,1.58682666783516e+000,-3.33088898232870e+001
8.32858787482877e+004,1.56861421158335e+000,-3.31254383575420e+001
8.38651778469392e+004,1.55057727112301e+000,-3.29424814319282e+001
8.44485062894692e+004,1.53271487196629e+000,-3.27600249005639e+001
8.50358921021808e+004,1.51502603104104e+000,-3.25780745183804e+001
8.56273635063152e+004,1.49750975697430e+000,-3.23966359406765e+001
8.62229489194083e+004,1.48016505037540e+000,-3.22157147227136e+001
8.68226769566551e+004,1.46299090411854e+000,-3.20353163193509e+001
8.74265764322855e+004,1.44598630362497e+000,-3.18554460847198e+001
8.80346763609478e+004,1.42915022714418e+000,-3.16761092719375e+001
8.86470059591034e+004,1.41248164603438e+000,-3.14973110328589e+001
8.92635946464302e+004,1.39597952504189e+000,-3.13190564178673e+001
8.98844720472361e+004,1.37964282257939e+000,-3.11413503757025e+001
9.05096679918824e+004,1.36347049100283e+000,-3.09641977533263e+001
9.11392125182170e+004,1.34746147688703e+000,-3.07876032958244e+001
9.17731358730174e+004,1.33161472129966e+000,-3.06115716463449e+001
9.24114685134442e+004,1.31592916007358e+000,-3.04361073460726e+001
9.30542411085044e+004,1.30040372407741e+000,-3.02612148342377e+001
9.37014845405246e+004,1.28503733948423e+000,-3.00868984481601e+001
9.43532299066351e+004,1.26982892803823e+000,-2.99131624233265e+001
9.50095085202638e+004,1.25477740731931e+000,-2.97400108935017e+001
9.56703519126407e+004,1.23988169100542e+000,-2.95674478908722e+001
9.63357918343130e+004,1.22514068913261e+000,-2.93954773462221e+001
9.70058602566702e+004,1.21055330835269e+000,-2.92241030891400e+001
9.76805893734805e+004,1.19611845218838e+000,-2.90533288482572e+001
9.83600116024376e+004,1.18183502128581e+000,-2.88831582515154e+001
9.90441595867178e+004,1.16770191366446e+000,-2.87135948264647e+001
9.97330661965489e+004,1.15371802496424e+000,-2.85446420005890e+001
1.00426764530789e+005,1.13988224868981e+000,-2.83763031016609e+001
1.01125287918517e+005,1.12619347645189e+000,-2.82085813581227e+001
1.01828669920635e+005,1.11265059820573e+000,-2.80414798994947e+001
1.02536944331477e+005,1.09925250248639e+000,-2.78750017568092e+001
1.03250145180437e+005,1.08599807664101e+000,-2.77091498630694e+001
1.03968306733603e+005,1.07288620705782e+000,-2.75439270537333e+001
1.04691463495401e+005,1.05991577939199e+000,-2.73793360672209e+001
1.05419650210255e+005,1.04708567878816e+000,-2.72153795454443e+001
1.06152901864254e+005,1.03439479009962e+000,-2.70520600343604e+001
1.06891253686837e+005,1.02184199810412e+000,-2.68893799845448e+001
1.07634741152481e+005,1.00942618771628e+000,-2.67273417517868e+001
1.08383399982409e+005,9.97146244196486e-001,-2.65659475977039e+001
1.09137266146304e+005,9.85001053356298e-001,-2.64051996903761e+001
1.09896375864038e+005,9.72989501760319e-001,-2.62451001049986e+001
1.10660765607412e+005,9.61110476924519e-001,-2.60856508245521e+001
1.11430472101909e+005,9.49362867510917e-001,-2.59268537404907e+001
1.12205532328458e+005,9.37745563518640e-001,-2.57687106534456e+001
1.12985983525210e+005,9.26257456471415e-001,-2.56112232739447e+001
1.13771863189327e+005,9.14897439601277e-001,-2.54543932231474e+001
1.14563209078786e+005,9.03664408028698e-001,-2.52982220335929e+001
1.15360059214192e+005,8.92557258938979e-001,-2.51427111499627e+001
1.16162451880602e+005,8.81574891754944e-001,-2.49878619298555e+001
1.16970425629369e+005,8.70716208305901e-001,-2.48336756445741e+001
1.17784019279990e+005,8.59980112992954e-001,-2.46801534799239e+001
1.18603271921974e+005,8.49365512950529e-001,-2.45272965370224e+001
1.19428222916717e+005,8.38871318204178e-001,-2.43751058331175e+001
1.20258911899400e+005,8.28496441824752e-001,-2.42235823024166e+001
1.21095378780882e+005,8.18239800078736e-001,-2.40727267969235e+001
1.21937663749630e+005,8.08100312575005e-001,-2.39225400872832e+001
1.22785807273640e+005,7.98076902407780e-001,-2.37730228636347e+001
1.23639850102387e+005,7.88168496295954e-001,-2.36241757364700e+001
1.24499833268779e+005,7.78374024718755e-001,-2.34759992374987e+001
1.25365798091133e+005,7.68692422047694e-001,-2.33284938205193e+001
1.26237786175157e+005,7.59122626674944e-001,-2.31816598622940e+001
1.27115839415947e+005,7.49663581138044e-001,-2.30354976634282e+001
1.28000000000007e+005,7.40314232241042e-001,-2.28900074492540e+001
1.28890310407267e+005,7.31073531172016e-001,-2.27451893707154e+001
1.29786813413130e+005,7.21940433617089e-001,-2.26010435052575e+001
1.30689552090528e+005,7.12913899870896e-001,-2.24575698577160e+001
1.31598569811983e+005,7.03992894943519e-001,-2.23147683612091e+001
1.32513910251703e+005,6.95176388664022e-001,-2.21726388780290e+001
1.33435617387671e+005,6.86463355780466e-001,-2.20311812005347e+001
1.34363735503760e+005,6.77852776056559e-001,-2.18903950520429e+001
1.35298309191864e+005,6.69343634364914e-001,-2.17502800877194e+001
1.36239383354037e+005,6.60934920776969e-001,-2.16108358954679e+001
1.37187003204653e+005,6.52625630649580e-001,-2.14720619968170e+001
1.38141214272574e+005,6.44414764708350e-001,-2.13339578478054e+001
1.39102062403343e+005,6.36301329127714e-001,-2.11965228398627e+001
1.40069593761382e+005,6.28284335607850e-001,-2.10597563006881e+001
1.41043854832214e+005,6.20362801448368e-001,-2.09236574951237e+001
1.42024892424692e+005,6.12535749618944e-001,-2.07882256260244e+001
1.43012753673252e+005,6.04802208826815e-001,-2.06534598351224e+001
1.44007486040175e+005,5.97161213581273e-001,-2.05193592038858e+001
1.45009137317870e+005,5.89611804255137e-001,-2.03859227543720e+001
1.46017755631166e+005,5.82153027143247e-001,-2.02531494500746e+001
1.47033389439628e+005,5.74783934518087e-001,-2.01210381967629e+001
1.48056087539885e+005,5.67503584682488e-001,-1.99895878433150e+001
1.49085899067970e+005,5.60311042019532e-001,-1.98587971825425e+001
1.50122873501689e+005,5.53205377039655e-001,-1.97286649520077e+001
1.51167060662988e+005,5.46185666424978e-001,-1.95991898348320e+001
1.52218510720356e+005,5.39250993071006e-001,-1.94703704604952e+001
1.53277274191231e+005,5.32400446125594e-001,-1.93422054056260e+001
1.54343401944426e+005,5.25633121025358e-001,-1.92146931947819e+001
1.55416945202574e+005,5.18948119529488e-001,-1.90878323012199e+001
1.56497955544593e+005,5.12344549751051e-001,-1.89616211476562e+001
1.57586484908158e+005,5.05821526185818e-001,-1.88360581070147e+001
1.58682585592199e+005,4.99378169738646e-001,-1.87111415031648e+001
1.59786310259415e+005,4.93013607747493e-001,-1.85868696116468e+001
1.60897711938803e+005,4.86726974005056e-001,-1.84632406603858e+001
1.62016844028205e+005,4.80517408778152e-001,-1.83402528303929e+001
1.63143760296874e+005,4.74384058824802e-001,-1.82179042564533e+001
1.64278514888061e+005,4.68326077409148e-001,-1.80961930278012e+001
1.65421162321608e+005,4.62342624314147e-001,-1.79751171887817e+001
1.66571757496577e+005,4.56432865852208e-001,-1.78546747394973e+001
1.67730355693880e+005,4.50595974873695e-001,-1.77348636364417e+001
1.68897012578940e+005,4.44831130773413e-001,-1.76156817931173e+001
1.70071784204363e+005,4.39137519495131e-001,-1.74971270806382e+001
1.71254727012632e+005,4.33514333534073e-001,-1.73791973283178e+001
1.72445897838818e+005,4.27960771937590e-001,-1.72618903242396e+001
1.73645353913312e+005,4.22476040303922e-001,-1.71452038158124e+001
1.74853152864572e+005,4.17059350779111e-001,-1.70291355103080e+001
1.76069352721897e+005,4.11709922052188e-001,-1.69136830753825e+001
1.77294011918208e+005,4.06426979348558e-001,-1.67988441395788e+001
1.78527189292862e+005,4.01209754421690e-001,-1.66846162928120e+001
1.79768944094474e+005,3.96057485543183e-001,-1.65709970868355e+001
1.81019335983766e+005,3.90969417491148e-001,-1.64579840356884e+001
1.82278425036435e+005,3.85944801537033e-001,-1.63455746161237e+001
1.83546271746036e+005,3.80982895430892e-001,-1.62337662680156e+001
1.84822937026890e+005,3.76082963385104e-001,-1.61225563947476e+001
1.86108482217010e+005,3.71244276056697e-001,-1.60119423635781e+001
1.87402969081051e+005,3.66466110528109e-001,-1.59019215059859e+001
1.88706459813272e+005,3.61747750286663e-001,-1.57924911179925e+001
1.90019017040529e+005,3.57088485202560e-001,-1.56836484604628e+001
1.91340703825283e+005,3.52487611505613e-001,-1.55753907593812e+001
1.92671583668628e+005,3.47944431760637e-001,-1.54677152061054e+001
1.94011720513342e+005,3.43458254841550e-001,-1.53606189575941e+001
1.95361178746963e+005,3.39028395904269e-001,-1.52540991366111e+001
1.96720023204877e+005,3.34654176358351e-001,-1.51481528319024e+001
1.98088319173437e+005,3.30334923837491e-001,-1.50427770983471e+001
1.99466132393099e+005,3.26069972168839e-001,-1.49379689570809e+001
2.00853529061580e+005,3.21858661341193e-001,-1.48337253955919e+001
2.02250575837036e+005,3.17700337472101e-001,-1.47300433677863e+001
2.03657339841271e+005,3.13594352773911e-001,-1.46269197940259e+001
2.05073888662955e+005,3.09540065518743e-001,-1.45243515611333e+001
2.06500290360876e+005,3.05536840002448e-001,-1.44223355223664e+001
2.07936613467208e+005,3.01584046507601e-001,-1.43208684973597e+001
2.09382926990804e+005,2.97681061265497e-001,-1.42199472720320e+001
2.10839300420511e+005,2.93827266417207e-001,-1.41195685984592e+001
2.12305803728509e+005,2.90022049973703e-001,-1.40197291947111e+001
2.13782507373675e+005,2.86264805775088e-001,-1.39204257446510e+001
2.15269482304963e+005,2.82554933448933e-001,-1.38216548976962e+001
2.16766799964820e+005,2.78891838367777e-001,-1.37234132685394e+001
2.18274532292610e+005,2.75274931605694e-001,-1.36256974368279e+001
2.19792751728078e+005,2.71703629894191e-001,-1.35285039468005e+001
2.21321531214826e+005,2.68177355577113e-001,-1.34318293068796e+001
2.22860944203821e+005,2.64695536564880e-001,-1.33356699892168e+001
2.24411064656918e+005,2.61257606287909e-001,-1.32400224291910e+001
2.25971967050421e+005,2.57863003649225e-001,-1.31448830248565e+001
2.27543726378655e+005,2.54511172976416e-001,-1.30502481363386e+001
2.29126418157574e+005,2.51201563972724e-001,-1.29561140851758e+001
2.30720118428386e+005,2.47933631667546e-001,-1.28624771536051e+001
2.32324903761207e+005,2.44706836366074e-001,-1.27693335837896e+001
2.33940851258740e+005,2.41520643598351e-001,-1.26766795769831e+001
2.35568038559982e+005,2.38374524067546e-001,-1.25845112926327e+001
2.37206543843949e+005,2.35267953597573e-001,-1.24928248474134e+001
2.38856445833437e+005,2.32200413080028e-001,-1.24016163141930e+001
2.40517823798801e+005,2.29171388420432e-001,-1.23108817209245e+001
2.42190757561767e+005,2.26180370483805e-001,-1.22206170494617e+001
2.43875327499262e+005,2.23226855039592e-001,-1.21308182342950e+001
2.45571614547282e+005,2.20310342705876e-001,-1.20414811612028e+001
2.47279700204775e+005,2.17430338893020e-001,-1.19526016658153e+001
2.48999666537560e+005,2.14586353746539e-001,-1.18641755320863e+001
2.50731596182268e+005,2.11777902089388e-001,-1.17761984906672e+001
2.52475572350315e+005,2.09004503363592e-001,-1.16886662171795e+001
2.54231678831896e+005,2.06265681571180e-001,-1.16015743303802e+001
2.56000000000015e+005,2.03560965214487e-001,-1.15149183902142e+001
2.57780620814535e+005,2.00889887235812e-001,-1.14286938957481e+001
2.59573626826263e+005,1.98251984956373e-001,-1.13428962829786e+001
2.61379104181057e+005,1.95646800014650e-001,-1.12575209225090e+001
2.63197139623969e+005,1.93073878304019e-001,-1.11725631170865e+001
2.65027820503409e+005,1.90532769909775e-001,-1.10880180989927e+001
2.66871234775343e+005,1.88023029045404e-001,-1.10038810272781e+001
2.68727471007521e+005,1.85544213988295e-001,-1.09201469848331e+001
2.70596618383730e+005,1.83095887014657e-001,-1.08368109752846e+001
2.72478766708077e+005,1.80677614333866e-001,-1.07538679197095e+001
2.74374006409308e+005,1.78288966022060e-001,-1.06713126531525e+001
2.76282428545150e+005,1.75929515955121e-001,-1.05891399209379e+001
2.78204124806688e+005,1.73598841740933e-001,-1.05073443747621e+001
2.80139187522766e+005,1.71296524650974e-001,-1.04259205685538e+001
2.82087709664429e+005,1.69022149551311e-001,-1.03448629540871e+001
2.84049784849386e+005,1.66775304832803e-001,-1.02641658763321e+001
2.86025507346506e+005,1.64555582340774e-001,-1.01838235685261e+001
2.88014972080353e+005,1.62362577304021e-001,-1.01038301469483e+001
2.90018274635742e+005,1.60195888263140e-001,-1.00241796053772e+001
2.92035511262334e+005,1.58055116998354e-001,-9.94486580921144e+000
2.94066778879259e+005,1.55939868456672e-001,-9.86588248923048e+000
2.96112175079772e+005,1.53849750678600e-001,-9.78722323497158e+000
2.98171798135943e+005,1.51784374724328e-001,-9.70888148769669e+000
3.00245747003380e+005,1.49743354599453e-001,-9.63085053292109e+000
3.02334121325978e+005,1.47726307180350e-001,-9.55312349247335e+000
3.04437021440715e+005,1.45732852139257e-001,-9.47569331605356e+000
3.06554548382465e+005,1.43762611869125e-001,-9.39855277225417e+000
3.08686803888854e+005,1.41815211408342e-001,-9.32169443900474e+000
3.10833890405151e+005,1.39890278365503e-001,-9.24511069339871e+000
3.12995911089189e+005,1.37987442844329e-001,-9.16879370085666e+000
3.15172969816318e+005,1.36106337368924e-001,-9.09273540357669e+000
3.17365171184400e+005,1.34246596809548e-001,-9.01692750821815e+000
3.19572620518833e+005,1.32407858309143e-001,-8.94136147276040e+000
3.21795423877608e+005,1.30589761210940e-001,-8.86602849247299e+000
3.24033688056412e+005,1.28791946987351e-001,-8.79091948492792e+000
3.26287520593752e+005,1.27014059170615e-001,-8.71602507397834e+000
3.28557029776124e+005,1.25255743285562e-001,-8.64133557262142e+000
3.30842324643219e+005,1.23516646784992e-001,-8.56684096465484e+000
3.33143514993156e+005,1.21796418988262e-001,-8.49253088502858e+000
3.35460711387762e+005,1.20094711023709e-001,-8.41839459878379e+000
3.37794025157882e+005,1.18411175775648e-001,-8.34442097846049e+000
3.40143568408728e+005,1.16745467836887e-001,-8.27059847984403e+000
3.42509454025266e+005,1.15097243467671e-001,-8.19691511590782e+000
3.44891795677639e+005,1.13466160562308e-001,-8.12335842879520e+000
3.47290707826626e+005,1.11851878624794e-001,-8.04991545966782e+000
3.49706305729147e+005,1.10254058754916e-001,-7.97657271623022e+000
3.52138705443797e+005,1.08672363646769e-001,-7.90331613772023e+000
3.54588023836419e+005,1.07106457601654e-001,-7.83013105713335e+000
3.57054378585727e+005,1.05556006557766e-001,-7.75700216042425e+000
3.59537888188950e+005,1.04020678139499e-001,-7.68391344240086e+000
3.62038671967536e+005,1.02500141729522e-001,-7.61084815899578e+000
3.64556850072874e+005,1.00994068567376e-001,-7.53778877556466e+000
3.67092543492075e+005,9.95021318788916e-002,-7.46471691082189e+000
3.69645874053783e+005,9.80240070414063e-002,-7.39161327597994e+000
3.72216964434023e+005,9.65593717906856e-002,-7.31845760860819e+000
3.74805938162104e+005,9.51079064760871e-002,-7.24522860067107e+000
3.77412919626546e+005,9.36692943721163e-002,-7.17190382014066e+000
3.80038034081061e+005,9.22432220552438e-002,-7.09845962550640e+000
3.82681407650569e+005,9.08293798568343e-002,-7.02487107242151e+000
3.85343167337258e+005,8.94274624046270e-002,-6.95111181163152e+000
3.88023441026687e+005,8.80371692672725e-002,-6.87715397722237e+000
3.90722357493929e+005,8.66582057191635e-002,-6.80296806410216e+000
3.93440046409757e+005,8.52902836454630e-002,-6.72852279348973e+000
3.96176638346878e+005,8.39331226110325e-002,-6.65378496502021e+000
3.98932264786202e+005,8.25864511209082e-002,-6.57871929389156e+000
4.01707058123163e+005,8.12500081051840e-002,-6.50328823125989e+000
4.04501151674076e+005,7.99235446669026e-002,-6.42745176584241e+000
4.07314679682545e+005,7.86068261388301e-002,-6.35116720439787e+000
4.10147777325913e+005,7.72996345036159e-002,-6.27438892841842e+000
4.13000580721756e+005,7.60017712418481e-002,-6.19706812397605e+000
4.15873226934420e+005,7.47130606853862e-002,-6.11915248120991e+000
4.18765853981611e+005,7.34333539681085e-002,-6.04058585940603e+000
4.21678600841025e+005,7.21625336846173e-002,-5.96130791299321e+000
4.24611607457022e+005,7.09005193896856e-002,-5.88125367303933e+000
4.27565014747353e+005,6.96472740985512e-002,-5.80035307795874e+000
4.30538964609930e+005,6.84028119813360e-002,-5.71853044610694e+000
4.33533599929643e+005,6.71672074860627e-002,-5.63570388170876e+000
4.36549064585223e+005,6.59406061752655e-002,-5.55178460409920e+000
4.39585503456159e+005,6.47232376240486e-002,-5.46667618850146e+000
4.42643062429656e+005,6.35154308053196e-002,-5.38027370445820e+000
4.45721888407645e+005,6.23176324856295e-002,-5.29246273549127e+000
4.48822129313840e+005,6.11304292771526e-002,-5.20311826049012e+000
4.51943934100846e+005,5.99545741455199e-002,-5.11210337359229e+000
4.55087452757314e+005,5.87910183682323e-002,-5.01926781476061e+000
4.58252836315153e+005,5.76409501865684e-002,-4.92444627767374e+000
4.61440236856776e+005,5.65058417112093e-002,-4.82745645466731e+000
4.64649807522418e+005,5.53875060498396e-002,-4.72809676995179e+000
4.67881702517485e+005,5.42881671524920e-002,-4.62614374175147e+000
4.71136077119968e+005,5.32105455567504e-002,-4.52134890078239e+000
4.74413087687902e+005,5.21579641131243e-002,-4.41343517586487e+000
4.77712891666878e+005,5.11344789547338e-002,-4.30209263645535e+000
4.81035647597607e+005,5.01450425459699e-002,-4.18697345516289e+000
4.84381515123538e+005,4.91957077446476e-002,-4.06768591912138e+000
4.87750654998529e+005,4.82938846408652e-002,-3.94378727503482e+000
4.91143229094569e+005,4.74486657785144e-002,-3.81477513555810e+000
4.94559400409555e+005,4.66712406315517e-002,-3.68007709997487e+000
4.97999333075124e+005,4.59754274915525e-002,-3.53903814373687e+000
5.01463192364541e+005,4.53783610992619e-002,-3.39090520075565e+000
5.04951144700634e+005,4.49013887208971e-002,-3.23480818729056e+000
5.08463357663797e+005,4.45712478852806e-002,-3.06973647964356e+000
5.12000000000035e+005,4.44216286485554e-002,-2.89450953489167e+000
5.15561241629075e+005,4.44952666636753e-002,-2.70773989856091e+000
5.19147253652530e+005,4.48467777801073e-002,-2.50778622253370e+000
5.22758208362119e+005,4.55465420246620e-002,-2.29269304182725e+000
5.26394279247942e+005,4.66860935742153e-002,-2.06011281161752e+000
5.30055641006822e+005,4.83857052021837e-002,-1.80720390537926e+000
5.33742469550691e+005,5.08052240334404e-002,-1.53049564286765e+000
5.37454942015047e+005,5.41598128429007e-002,-1.22570751920133e+000
5.41193236767464e+005,5.87432421223519e-002,-8.87503962043140e-001
5.44957533416158e+005,6.49630631164654e-002,-5.09157076838544e-001
5.48748012818620e+005,7.33949355908721e-002,-8.20762565112222e-002
5.52564857090305e+005,8.48686814909575e-002,4.04857383719338e-001
5.56408249613380e+005,1.00608485734012e-001,9.66245849785818e-001
5.60278375045537e+005,1.22468649444734e-001,1.62156040375632e+000
5.64175419328864e+005,1.53344349323958e-001,2.39716705922870e+000
5.68099569698776e+005,1.97916396575230e-001,3.32926823158279e+000
5.72051014693016e+005,2.64062730294057e-001,4.46801267932469e+000
5.76029944160710e+005,3.65665189907494e-001,5.88248043084438e+000
5.80036549271489e+005,5.28469169927863e-001,7.66340186310220e+000
5.84071022524674e+005,8.02802207160887e-001,9.90786598412625e+000
5.88133557758523e+005,1.29100728448907e+000,1.26162911948505e+001
5.92224350159548e+005,2.19520170848313e+000,1.52107330623053e+001
5.96343596271891e+005,3.78372807274487e+000,1.47290460535052e+001
6.00491494006764e+005,5.51159135870605e+000,3.62339360065372e+000
6.04668242651962e+005,5.09072489791664e+000,-1.36134981981979e+001
6.08874042881436e+005,3.47125018709098e+000,-2.02856813087829e+001
6.13109096764934e+005,2.30035456974862e+000,-2.03441806876477e+001
6.17373607777713e+005,1.60337259882259e+000,-1.87763878720232e+001
6.21667780810308e+005,1.18264086779451e+000,-1.70891188989025e+001
6.25991822178383e+005,9.15309002307770e-001,-1.56149145841011e+001
6.30345939632641e+005,7.36324228707341e-001,-1.43862294344525e+001
6.34730342368806e+005,6.10871495879841e-001,-1.33688592634612e+001
6.39145241037670e+005,5.19476455567914e-001,-1.25210595539388e+001
6.43590847755221e+005,4.50703502998338e-001,-1.18070773141836e+001
6.48067376112829e+005,3.97525983988053e-001,-1.11988386647476e+001
6.52575041187508e+005,3.55448575526435e-001,-1.06748374771127e+001
6.57114059552253e+005,3.21491859517658e-001,-1.02186491024563e+001
6.61684649286443e+005,2.93619155691311e-001,-9.81765879548273e+000
6.66287029986317e+005,2.70400035533303e-001,-9.46208831663968e+000
6.70921422775529e+005,2.50805670068592e-001,-9.14427796354003e+000
6.75588050315770e+005,2.34080353305388e-001,-8.85816258755979e+000
6.80287136817462e+005,2.19658528155327e-001,-8.59888886439436e+000
6.85018908050538e+005,2.07109820111101e-001,-8.36253401425432e+000
6.89783591355282e+005,1.96101783286477e-001,-8.14589728544643e+000
6.94581415653257e+005,1.86374125388149e-001,-7.94634386810273e+000
6.99412611458300e+005,1.77720538724060e-001,-7.76168687395556e+000
7.04277410887599e+005,1.69975673681704e-001,-7.59009720280674e+000
7.09176047672844e+005,1.63005653572808e-001,-7.43003403489167e+000
7.14108757171459e+005,1.56701069616376e-001,-7.28019072743034e+000
7.19075776377906e+005,1.50971739870465e-001,-7.13945232609600e+000
7.24077343935077e+005,1.45742740693123e-001,-7.00686191589693e+000
7.29113700145753e+005,1.40951368340326e-001,-6.88159375949801e+000
7.34185086984156e+005,1.36544788740523e-001,-6.76293169200183e+000
7.39291748107571e+005,1.32478202197897e-001,-6.65025161975197e+000
7.44433928868052e+005,1.28713397452316e-001,-6.54300724822947e+000
7.49611876324214e+005,1.25217603038675e-001,-6.44071836933601e+000
7.54825839253098e+005,1.21962567737211e-001,-6.34296119141737e+000
7.60076068162128e+005,1.18923819072153e-001,-6.24936031047009e+000
7.65362815301144e+005,1.16080061303766e-001,-6.15958200819756e+000
7.70686334674522e+005,1.13412683535582e-001,-6.07332862918411e+000
7.76046882053380e+005,1.10905355365591e-001,-5.99033384068033e+000
7.81444714987863e+005,1.08543692604928e-001,-5.91035861816395e+000
7.86880092819519e+005,1.06314979432625e-001,-5.83318783076535e+000
7.92353276693761e+005,1.04207936280071e-001,-5.75862732490777e+000
7.97864529572410e+005,1.02212524980950e-001,-5.68650142365884e+000
8.03414116246331e+005,1.00319784452920e-001,-5.61665077448880e+000
8.09002303348157e+005,9.85216915225746e-002,-5.54893049026132e+000
8.14629359365096e+005,9.68110425569798e-002,-5.48320853801673e+000
8.20295554651833e+005,9.51813523934066e-002,-5.41936433795692e+000
8.26001161443517e+005,9.36267677137312e-002,-5.35728754140185e+000
8.31746453868846e+005,9.21419925319853e-002,-5.29687696166665e+000
8.37531707963229e+005,9.07222238808070e-002,-5.23803963604229e+000
8.43357201682056e+005,8.93630961179770e-002,-5.18069000054100e+000
8.49223214914050e+005,8.80606325459511e-002,-5.12474916193503e+000
8.55130029494713e+005,8.68112032570428e-002,-5.07014425399131e+000
8.61077929219867e+005,8.56114882968466e-002,-5.01680786677781e+000
8.67067199859291e+005,8.44584453854868e-002,-4.96467753956211e+000
8.73098129170452e+005,8.33492815570904e-002,-4.91369530920053e+000
8.79171006912324e+005,8.22814281779743e-002,-4.86380730707206e+000
8.85286124859319e+005,8.12525188865718e-002,-4.81496339858607e+000
8.91443776815297e+005,8.02603700670790e-002,-4.76711686011610e+000
8.97644258627686e+005,7.93029635261015e-002,-4.72022408891013e+000
9.03887868201697e+005,7.83784310899345e-002,-4.67424434212150e+000
9.10174905514635e+005,7.74850408800786e-002,-4.62913950161038e+000
9.16505672630311e+005,7.66211850592407e-002,-4.58487386159868e+000
9.22880473713558e+005,7.57853688682086e-002,-4.54141393663190e+000
9.29299615044841e+005,7.49762007989904e-002,-4.49872828762046e+000
9.35763405034975e+005,7.41923837699143e-002,-4.45678736400736e+000
9.42272154239942e+005,7.34327071863303e-002,-4.41556336034642e+000
9.48826175375810e+005,7.26960397855868e-002,-4.37503008578039e+000
9.55425783333762e+005,7.19813231778810e-002,-4.33516284508660e+000
9.62071295195220e+005,7.12875660058400e-002,-4.29593833011237e+000
9.68763030247082e+005,7.06138386551009e-002,-4.25733452055748e+000
9.75501309997065e+005,6.99592684565993e-002,-4.21933059317880e+000
9.82286458189144e+005,6.93230353282756e-002,-4.18190683859506e+000
9.89118800819116e+005,6.87043678103321e-002,-4.14504458496031e+000
9.95998666150255e+005,6.81025394532656e-002,-4.10872612785363e+000
1.00292638472909e+006,6.75168655229137e-002,-4.07293466580280e+000
1.00990228940128e+006,6.69466999906033e-002,-4.03765424092070e+000
1.01692671532760e+006,6.63914327801816e-002,-4.00286968418798e+000
1.02400000000008e+006,6.58504872468837e-002,-3.96856656496313e+000
1.03112248325816e+006,6.53233178655852e-002,-3.93473114434391e+000
1.03829450730507e+006,6.48094081086239e-002,-3.90135033204177e+000
1.04551641672424e+006,6.43082684952684e-002,-3.86841164646427e+000
1.05278855849589e+006,6.38194347969994e-002,-3.83590317773055e+000
1.06011128201365e+006,6.33424663842640e-002,-3.80381355337151e+000
1.06748493910139e+006,6.28769447019875e-002,-3.77213190648986e+000
1.07490988403010e+006,6.24224718622384e-002,-3.74084784617668e+000
1.08238647353494e+006,6.19786693437740e-002,-3.70995143000004e+000
1.08991506683232e+006,6.15451767891119e-002,-3.67943313839817e+000
1.09749602563725e+006,6.11216508907580e-002,-3.64928385082514e+000
1.10512971418062e+006,6.07077643589565e-002,-3.61949482351048e+000
1.11281649922677e+006,6.03032049641061e-002,-3.59005766870676e+000
1.12055675009108e+006,5.99076746476662e-002,-3.56096433531009e+000
1.12835083865773e+006,5.95208886958405e-002,-3.53220709074882e+000
1.13619913939756e+006,5.91425749710539e-002,-3.50377850404423e+000
1.14410202938604e+006,5.87724731963987e-002,-3.47567142995590e+000
1.15205988832143e+006,5.84103342890356e-002,-3.44787899413129e+000
1.16007309854299e+006,5.80559197385383e-002,-3.42039457918606e+000
1.16814204504935e+006,5.77090010267345e-002,-3.39321181164763e+000
1.17626711551705e+006,5.73693590858738e-002,-3.36632454970013e+000
1.18444870031910e+006,5.70367837921949e-002,-3.33972687167372e+000
1.19268719254379e+006,5.67110734921715e-002,-3.31341306522610e+000
1.20098298801354e+006,5.63920345590640e-002,-3.28737761716790e+000
1.20933648530393e+006,5.60794809774806e-002,-3.26161520388764e+000
1.21774808576288e+006,5.57732339539732e-002,-3.23612068233533e+000
1.22621819352988e+006,5.54731215516996e-002,-3.21088908152699e+000
1.23474721555543e+006,5.51789783474668e-002,-3.18591559453513e+000
1.24333556162062e+006,5.48906451096109e-002,-3.16119557093304e+000
1.25198364435677e+006,5.46079684951807e-002,-3.13672450966309e+000
1.26069187926529e+006,5.43308007650680e-002,-3.11249805230138e+000
1.26946068473762e+006,5.40589995159839e-002,-3.08851197669325e+000
1.27829048207535e+006,5.37924274279604e-002,-3.06476219093588e+000
1.28718169551045e+006,5.35309520264299e-002,-3.04124472768618e+000
1.29613475222567e+006,5.32744454578899e-002,-3.01795573877323e+000
1.30515008237503e+006,5.30227842782290e-002,-2.99489149009680e+000
1.31422811910452e+006,5.27758492529397e-002,-2.97204835679380e+000
1.32336929857289e+006,5.25335251683110e-002,-2.94942281865672e+000
1.33257405997264e+006,5.22957006531023e-002,-2.92701145578858e+000
1.34184284555107e+006,5.20622680098295e-002,-2.90481094448018e+000
1.35117610063155e+006,5.18331230551458e-002,-2.88281805329658e+000
1.36057427363493e+006,5.16081649687847e-002,-2.86102963936020e+000
1.37003781610109e+006,5.13872961503951e-002,-2.83944264481935e+000
1.37956718271057e+006,5.11704220839818e-002,-2.81805409349113e+000
1.38916283130652e+006,5.09574512092892e-002,-2.79686108766882e+000
1.39882522291661e+006,5.07482947998051e-002,-2.77586080508440e+000
1.40855482177521e+006,5.05428668470454e-002,-2.75505049601727e+000
1.41835209534570e+006,5.03410839505647e-002,-2.73442748054108e+000
1.42821751434293e+006,5.01428652135586e-002,-2.71398914590096e+000
1.43815155275582e+006,4.99481321436102e-002,-2.69373294401386e+000
1.44815468787016e+006,4.97568085582679e-002,-2.67365638908538e+000
1.45822740029152e+006,4.95688204952898e-002,-2.65375705533662e+000
1.46837017396832e+006,4.93840961271447e-002,-2.63403257483515e+000
1.47858349621515e+006,4.92025656796712e-002,-2.61448063542466e+000
1.48886785773612e+006,4.90241613545147e-002,-2.59509897874780e+000
1.49922375264844e+006,4.88488172552577e-002,-2.57588539835743e+000
1.50000000000000e+006,4.88358438247518e-002,-2.57445724062006e+000
