 1.000000e+003 1.093566e+000 -3.348971e-001
 4.747500e+003 1.014262e+000 -1.315270e+000
 8.495000e+003 9.860569e-001 -3.849778e+000
 1.224250e+004 1.041678e+000 -2.600302e+000
 1.599000e+004 1.011236e+000 -1.868170e+000
 1.973750e+004 1.016439e+000 -2.103828e+000
 2.348500e+004 9.959842e-001 -1.500135e+000
 2.723250e+004 9.863691e-001 -1.387599e+000
 3.098000e+004 1.031974e+000 -1.388602e+000
 3.472750e+004 1.019239e+000 -1.123405e+000
 3.847500e+004 9.989729e-001 -1.062598e+000
 4.222250e+004 1.017658e+000 -9.378474e-001
 4.597000e+004 1.007439e+000 -8.397057e-001
 4.971750e+004 1.022366e+000 -8.396268e-001
 5.346500e+004 1.044988e+000 -7.376773e-001
 5.721250e+004 1.016538e+000 -6.951589e-001
 6.096000e+004 1.022817e+000 -6.915460e-001
 6.470750e+004 1.036252e+000 -6.158630e-001
 6.845500e+004 1.013126e+000 -5.994847e-001
 7.220250e+004 1.022919e+000 -5.874449e-001
 7.595000e+004 1.024445e+000 -5.304389e-001
 7.969750e+004 1.006393e+000 -5.217802e-001
 8.344500e+004 1.020842e+000 -5.032893e-001
 8.719250e+004 1.015669e+000 -4.620244e-001
 9.094000e+004 1.007500e+000 -4.618465e-001
 9.468750e+004 1.026291e+000 -4.455420e-001
 9.843500e+004 1.010526e+000 -4.060302e-001
 1.021825e+005 1.002125e+000 -3.977062e-001
 1.059300e+005 1.019260e+000 -3.858335e-001
 1.096775e+005 1.006405e+000 -3.654230e-001
 1.134250e+005 1.003338e+000 -3.629459e-001
 1.171725e+005 1.014196e+000 -3.455781e-001
 1.209200e+005 9.995812e-001 -3.223861e-001
 1.246675e+005 1.002331e+000 -3.204611e-001
 1.284150e+005 1.008654e+000 -3.048015e-001
 1.321625e+005 9.933888e-001 -2.858250e-001
 1.359100e+005 1.001829e+000 -2.869010e-001
 1.396575e+005 1.008003e+000 -2.721641e-001
 1.434050e+005 9.957689e-001 -2.576792e-001
 1.471525e+005 1.005713e+000 -2.598317e-001
 1.509000e+005 1.006847e+000 -2.460073e-001
 1.546475e+005 9.981083e-001 -2.378687e-001
 1.583950e+005 1.013618e+000 -2.360226e-001
 1.621425e+005 1.020869e+000 -2.195511e-001
 1.658900e+005 1.011656e+000 -2.160770e-001
 1.696375e+005 1.011900e+000 -2.172621e-001
 1.733850e+005 1.017104e+000 -2.088150e-001
 1.771325e+005 1.015920e+000 -2.091230e-001
 1.808800e+005 1.018808e+000 -2.148156e-001
 1.846275e+005 1.020802e+000 -2.063985e-001
 1.883750e+005 1.007151e+000 -1.930591e-001
 1.921225e+005 1.002268e+000 -1.946512e-001
 1.958700e+005 1.009892e+000 -1.880460e-001
 1.996175e+005 1.002896e+000 -1.676888e-001
 2.033650e+005 9.981301e-001 -1.683448e-001
 2.071125e+005 1.009039e+000 -1.674966e-001
 2.108600e+005 1.008160e+000 -1.469419e-001
 2.146075e+005 1.003253e+000 -1.478036e-001
 2.183550e+005 1.014492e+000 -1.545517e-001
 2.221025e+005 1.019406e+000 -1.381056e-001
 2.258500e+005 1.012350e+000 -1.385239e-001
 2.295975e+005 1.016635e+000 -1.497445e-001
 2.333450e+005 1.025163e+000 -1.410100e-001
 2.370925e+005 1.012627e+000 -1.330500e-001
 2.408400e+005 1.004415e+000 -1.331241e-001
 2.445875e+005 1.017846e+000 -1.339658e-001
 2.483350e+005 1.013562e+000 -1.262654e-001
 2.520825e+005 1.000319e+000 -1.219382e-001
 2.558300e+005 1.009253e+000 -1.252637e-001
 2.595775e+005 1.011945e+000 -1.156252e-001
 2.633250e+005 1.005948e+000 -1.100680e-001
 2.670725e+005 1.013517e+000 -1.177361e-001
 2.708200e+005 1.018279e+000 -1.131396e-001
 2.745675e+005 1.011044e+000 -1.064338e-001
 2.783150e+005 1.009894e+000 -1.100760e-001
 2.820625e+005 1.012365e+000 -1.058089e-001
 2.858100e+005 1.009516e+000 -1.007046e-001
 2.895575e+005 1.004484e+000 -9.811827e-002
 2.933050e+005 1.007294e+000 -9.421356e-002
 2.970525e+005 1.007989e+000 -9.187630e-002
 3.008000e+005 1.000498e+000 -8.597965e-002
 3.045475e+005 1.004697e+000 -8.641146e-002
 3.082950e+005 1.008368e+000 -8.509107e-002
 3.120425e+005 1.001283e+000 -7.601514e-002
 3.157900e+005 1.006921e+000 -7.761355e-002
 3.195375e+005 1.015827e+000 -7.799969e-002
 3.232850e+005 1.011185e+000 -6.990182e-002
 3.270325e+005 1.009272e+000 -7.196488e-002
 3.307800e+005 1.012143e+000 -7.636630e-002
 3.345275e+005 1.009061e+000 -6.781940e-002
 3.382750e+005 1.006737e+000 -5.859256e-002
 3.420225e+005 1.003831e+000 -5.732570e-002
 3.457700e+005 1.005936e+000 -5.844280e-002
 3.495175e+005 1.008464e+000 -4.944575e-002
 3.532650e+005 1.006009e+000 -4.622055e-002
 3.570125e+005 1.008975e+000 -5.243647e-002
 3.607600e+005 1.012582e+000 -4.776522e-002
 3.645075e+005 1.009587e+000 -4.260417e-002
 3.682550e+005 1.007163e+000 -4.759018e-002
 3.720025e+005 1.005749e+000 -4.523448e-002
 3.757500e+005 1.010862e+000 -3.871610e-002
 3.794975e+005 1.011069e+000 -3.575408e-002
 3.832450e+005 1.004537e+000 -3.195312e-002
 3.869925e+005 1.014847e+000 -3.366869e-002
 3.907400e+005 1.019462e+000 -2.959090e-002
 3.944875e+005 1.009720e+000 -2.403265e-002
 3.982350e+005 1.011630e+000 -2.702296e-002
 4.019825e+005 1.014324e+000 -2.598913e-002
 4.057300e+005 1.008601e+000 -1.784510e-002
 4.094775e+005 1.011503e+000 -1.170786e-002
 4.132250e+005 1.010171e+000 -1.097623e-002
 4.169725e+005 1.009355e+000 -1.231312e-002
 4.207200e+005 1.017369e+000 -4.072577e-003
 4.244675e+005 1.009978e+000 -3.605559e-003
 4.282150e+005 1.006630e+000 -8.734344e-003
 4.319625e+005 1.015987e+000 -5.463011e-005
 4.357100e+005 1.010574e+000 3.987101e-003
 4.394575e+005 1.005507e+000 3.369195e-003
 4.432050e+005 1.016081e+000 9.297344e-003
 4.469525e+005 1.016883e+000 6.486487e-003
 4.507000e+005 1.012672e+000 8.613748e-003
 4.544475e+005 1.014839e+000 1.321586e-002
 4.581950e+005 1.008616e+000 5.542410e-003
 4.619425e+005 1.009141e+000 1.395927e-002
 4.656900e+005 1.015399e+000 2.568007e-002
 4.694375e+005 1.008986e+000 2.454054e-002
 4.731850e+005 1.010240e+000 3.096396e-002
 4.769325e+005 1.023022e+000 3.657548e-002
 4.806800e+005 1.016535e+000 3.772480e-002
 4.844275e+005 1.017057e+000 4.699438e-002
 4.881750e+005 1.024359e+000 4.732800e-002
 4.919225e+005 1.016992e+000 5.240817e-002
 4.956700e+005 1.023719e+000 6.462133e-002
 4.994175e+005 1.027747e+000 6.809658e-002
 5.031650e+005 1.018111e+000 7.321922e-002
 5.069125e+005 1.033431e+000 8.025803e-002
 5.106600e+005 1.039519e+000 8.666030e-002
 5.144075e+005 1.027292e+000 9.179242e-002
 5.181550e+005 1.040079e+000 8.997493e-002
 5.219025e+005 1.037901e+000 9.941997e-002
 5.256500e+005 1.034990e+000 1.096431e-001
 5.293975e+005 1.046184e+000 1.131027e-001
 5.331450e+005 1.034469e+000 1.268549e-001
 5.368925e+005 1.035312e+000 1.333889e-001
 5.406400e+005 1.050735e+000 1.407503e-001
 5.443875e+005 1.038292e+000 1.692649e-001
 5.481350e+005 1.045824e+000 1.817713e-001
 5.518825e+005 1.053243e+000 1.984499e-001
 5.556300e+005 1.055570e+000 2.381345e-001
 5.593775e+005 1.079321e+000 2.658076e-001
 5.631250e+005 1.083930e+000 2.865200e-001
 5.668725e+005 1.114252e+000 3.378294e-001
 5.706200e+005 1.162211e+000 3.918673e-001
 5.743675e+005 1.185570e+000 4.185349e-001
 5.781150e+005 1.310827e+000 4.746270e-001
 5.818625e+005 1.440273e+000 5.694070e-001
 5.856100e+005 1.511195e+000 5.295292e-001
 5.893575e+005 1.864319e+000 3.479251e-001
 5.931050e+005 2.181852e+000 2.125424e-001
 5.968525e+005 1.855029e+000 -2.205306e-001
 6.006000e+005 1.747845e+000 -6.123698e-001
 6.043475e+005 1.633469e+000 -6.416201e-001
 6.080950e+005 1.360674e+000 -5.551420e-001
 6.118425e+005 1.245357e+000 -5.321864e-001
 6.155900e+005 1.173260e+000 -4.533067e-001
 6.193375e+005 1.110340e+000 -3.896143e-001
 6.230850e+005 1.108977e+000 -3.687925e-001
 6.268325e+005 1.081841e+000 -3.302751e-001
 6.305800e+005 1.078586e+000 -3.023737e-001
 6.343275e+005 1.086285e+000 -2.708552e-001
 6.380750e+005 1.037296e+000 -2.432862e-001
 6.418225e+005 1.040681e+000 -2.429871e-001
 6.455700e+005 1.063088e+000 -2.133160e-001
 6.493175e+005 1.035131e+000 -1.938505e-001
 6.530650e+005 1.041226e+000 -1.974706e-001
 6.568125e+005 1.045216e+000 -1.835259e-001
 6.605600e+005 1.022366e+000 -1.747695e-001
 6.643075e+005 1.035912e+000 -1.689391e-001
 6.680550e+005 1.032506e+000 -1.513314e-001
 6.718025e+005 1.016760e+000 -1.466225e-001
 6.755500e+005 1.020675e+000 -1.392363e-001
 6.792975e+005 1.014423e+000 -1.289413e-001
 6.830450e+005 1.019728e+000 -1.244028e-001
 6.867925e+005 1.029530e+000 -1.105223e-001
 6.905400e+005 1.017259e+000 -1.063075e-001
 6.942875e+005 1.019930e+000 -1.077857e-001
 6.980350e+005 1.025060e+000 -9.765158e-002
 7.017825e+005 1.017062e+000 -9.728183e-002
 7.055300e+005 1.024755e+000 -9.701952e-002
 7.092775e+005 1.026510e+000 -8.615429e-002
 7.130250e+005 1.015129e+000 -8.895452e-002
 7.167725e+005 1.020409e+000 -8.999079e-002
 7.205200e+005 1.022251e+000 -8.116373e-002
 7.242675e+005 1.018170e+000 -7.761005e-002
 7.280150e+005 1.023710e+000 -7.602051e-002
 7.317625e+005 1.021133e+000 -7.354534e-002
 7.355100e+005 1.016665e+000 -7.652248e-002
 7.392575e+005 1.020453e+000 -7.440490e-002
 7.430050e+005 1.018589e+000 -6.589586e-002
 7.467525e+005 1.017587e+000 -6.408438e-002
 7.505000e+005 1.019216e+000 -6.360813e-002
 7.542475e+005 1.010877e+000 -5.669262e-002
 7.579950e+005 1.009597e+000 -5.776088e-002
 7.617425e+005 1.017749e+000 -5.711927e-002
 7.654900e+005 1.020085e+000 -4.619764e-002
 7.692375e+005 1.016597e+000 -4.785357e-002
 7.729850e+005 1.016546e+000 -4.877057e-002
 7.767325e+005 1.014087e+000 -4.039335e-002
 7.804800e+005 1.014289e+000 -4.132748e-002
 7.842275e+005 1.021109e+000 -4.165243e-002
 7.879750e+005 1.019270e+000 -3.558633e-002
 7.917225e+005 1.015370e+000 -3.185335e-002
 7.954700e+005 1.021684e+000 -2.203371e-002
 7.992175e+005 1.021165e+000 -1.843787e-002
 8.029650e+005 1.018320e+000 -2.591608e-002
 8.067125e+005 1.028201e+000 -1.905821e-002
 8.104600e+005 1.032099e+000 -6.473197e-003
 8.142075e+005 1.041635e+000 -9.565121e-003
 8.179550e+005 1.058958e+000 -1.652901e-002
 8.217025e+005 1.056055e+000 -1.556337e-002
 8.254500e+005 1.050263e+000 -2.569321e-002
 8.291975e+005 1.059708e+000 -3.239181e-002
 8.329450e+005 1.061332e+000 -3.468279e-002
 8.366925e+005 1.056920e+000 -4.625152e-002
 8.404400e+005 1.059539e+000 -4.708973e-002
 8.441875e+005 1.049511e+000 -4.622930e-002
 8.479350e+005 1.040182e+000 -5.625977e-002
 8.516825e+005 1.043212e+000 -5.997989e-002
 8.554300e+005 1.035979e+000 -5.997426e-002
 8.591775e+005 1.027385e+000 -5.739602e-002
 8.629250e+005 1.029833e+000 -5.333697e-002
 8.666725e+005 1.024383e+000 -5.034397e-002
 8.704200e+005 1.018692e+000 -4.681525e-002
 8.741675e+005 1.013188e+000 -4.269567e-002
 8.779150e+005 1.011796e+000 -4.087519e-002
 8.816625e+005 1.018622e+000 -3.842530e-002
 8.854100e+005 1.016679e+000 -3.602024e-002
 8.891575e+005 1.014409e+000 -3.506105e-002
 8.929050e+005 1.018154e+000 -2.886324e-002
 8.966525e+005 1.013484e+000 -2.469953e-002
 9.004000e+005 1.013054e+000 -2.837204e-002
 9.041475e+005 1.018221e+000 -2.783080e-002
 9.078950e+005 1.014446e+000 -2.622579e-002
 9.116425e+005 1.014571e+000 -2.760845e-002
 9.153900e+005 1.019533e+000 -2.538971e-002
 9.191375e+005 1.013601e+000 -2.291800e-002
 9.228850e+005 1.007709e+000 -2.072058e-002
 9.266325e+005 1.011342e+000 -1.884028e-002
 9.303800e+005 1.011395e+000 -1.987070e-002
 9.341275e+005 1.008207e+000 -1.945470e-002
 9.378750e+005 1.009238e+000 -1.748830e-002
 9.416225e+005 1.012995e+000 -1.557680e-002
 9.453700e+005 1.013953e+000 -1.417877e-002
 9.491175e+005 1.011858e+000 -1.366014e-002
 9.528650e+005 1.009620e+000 -1.159978e-002
 9.566125e+005 1.010398e+000 -1.032484e-002
 9.603600e+005 1.008915e+000 -1.353431e-002
 9.641075e+005 1.007453e+000 -1.430540e-002
 9.678550e+005 1.009075e+000 -1.073256e-002
 9.716025e+005 1.008884e+000 -4.458578e-003
 9.753500e+005 1.007889e+000 -4.565839e-003
 9.790975e+005 1.008625e+000 -6.153673e-003
 9.828450e+005 1.008861e+000 -3.579658e-004
 9.865925e+005 1.009797e+000 1.400438e-003
 9.903400e+005 1.009782e+000 -6.207960e-003
 9.940875e+005 1.007926e+000 -4.739911e-003
 9.978350e+005 1.009049e+000 -1.354585e-003
 1.001583e+006 1.011257e+000 -3.839324e-003
 1.005330e+006 1.010728e+000 -2.117682e-003
 1.009078e+006 1.010129e+000 4.012960e-003
 1.012825e+006 1.010306e+000 7.628638e-003
 1.016573e+006 1.011024e+000 4.635834e-003
 1.020320e+006 1.009262e+000 3.603302e-003
 1.024068e+006 1.007286e+000 7.271861e-003
 1.027815e+006 1.008353e+000 6.849589e-003
 1.031563e+006 1.007284e+000 1.827952e-003
 1.035310e+006 1.007115e+000 2.877855e-003
 1.039058e+006 1.010473e+000 8.701197e-003
 1.042805e+006 1.011238e+000 1.233802e-002
 1.046553e+006 1.009432e+000 9.494601e-003
 1.050300e+006 1.011115e+000 1.492857e-002
 1.054048e+006 1.010977e+000 1.985620e-002
 1.057795e+006 1.009448e+000 1.215732e-002
 1.061543e+006 1.008800e+000 1.213265e-002
 1.065290e+006 1.008806e+000 1.670089e-002
 1.069038e+006 1.008341e+000 1.360690e-002
 1.072785e+006 1.004390e+000 1.248423e-002
 1.076533e+006 1.006807e+000 1.643867e-002
 1.080280e+006 1.013419e+000 1.787307e-002
 1.084028e+006 1.012427e+000 1.922701e-002
 1.087775e+006 1.009131e+000 1.865235e-002
 1.091523e+006 1.011867e+000 2.057156e-002
 1.095270e+006 1.010813e+000 2.351778e-002
 1.099018e+006 1.007935e+000 2.192872e-002
 1.102765e+006 1.007078e+000 2.242963e-002
 1.106513e+006 1.008414e+000 2.450195e-002
 1.110260e+006 1.011136e+000 2.439468e-002
 1.114008e+006 1.009660e+000 2.602404e-002
 1.117755e+006 1.009278e+000 2.669232e-002
 1.121503e+006 1.015264e+000 2.549975e-002
 1.125250e+006 1.014846e+000 2.710061e-002
 1.128998e+006 1.007506e+000 3.069976e-002
 1.132745e+006 1.009898e+000 3.144368e-002
 1.136493e+006 1.012416e+000 3.066440e-002
 1.140240e+006 1.010889e+000 3.185508e-002
 1.143988e+006 1.011007e+000 3.363640e-002
 1.147735e+006 1.010886e+000 2.988311e-002
 1.151483e+006 1.009880e+000 2.740095e-002
 1.155230e+006 1.010622e+000 3.172458e-002
 1.158978e+006 1.011320e+000 3.174850e-002
 1.162725e+006 1.010007e+000 2.829372e-002
 1.166473e+006 1.011613e+000 3.300000e-002
 1.170220e+006 1.016330e+000 3.791774e-002
 1.173968e+006 1.014021e+000 3.568161e-002
 1.177715e+006 1.009959e+000 3.781511e-002
 1.181463e+006 1.012519e+000 3.980176e-002
 1.185210e+006 1.013528e+000 3.761031e-002
 1.188958e+006 1.012711e+000 4.240617e-002
 1.192705e+006 1.013533e+000 4.652967e-002
 1.196453e+006 1.010504e+000 4.034216e-002
 1.200200e+006 1.008688e+000 4.058089e-002
 1.203948e+006 1.012530e+000 4.602123e-002
 1.207695e+006 1.011092e+000 4.278881e-002
 1.211443e+006 1.010213e+000 4.330869e-002
 1.215190e+006 1.015261e+000 4.658785e-002
 1.218938e+006 1.017883e+000 4.423076e-002
 1.222685e+006 1.017870e+000 4.585095e-002
 1.226433e+006 1.018101e+000 4.702402e-002
 1.230180e+006 1.019767e+000 4.192027e-002
 1.233928e+006 1.020893e+000 4.320578e-002
 1.237675e+006 1.022098e+000 4.897359e-002
 1.241423e+006 1.025685e+000 4.749795e-002
 1.245170e+006 1.023281e+000 4.480789e-002
 1.248918e+006 1.019790e+000 4.737826e-002
 1.252665e+006 1.022511e+000 4.556930e-002
 1.256413e+006 1.020679e+000 4.459465e-002
 1.260160e+006 1.019006e+000 4.922953e-002
 1.263908e+006 1.022958e+000 4.680019e-002
 1.267655e+006 1.017621e+000 4.316563e-002
 1.271403e+006 1.016533e+000 4.489003e-002
 1.275150e+006 1.019276e+000 4.244624e-002
 1.278898e+006 1.011240e+000 4.258562e-002
 1.282645e+006 1.011533e+000 4.487934e-002
 1.286393e+006 1.017605e+000 4.221322e-002
 1.290140e+006 1.014903e+000 4.124991e-002
 1.293888e+006 1.014336e+000 4.373656e-002
 1.297635e+006 1.012832e+000 4.422874e-002
 1.301383e+006 1.009162e+000 4.376001e-002
 1.305130e+006 1.013827e+000 4.688225e-002
 1.308878e+006 1.017342e+000 4.882358e-002
 1.312625e+006 1.013296e+000 4.709533e-002
 1.316373e+006 1.013985e+000 4.944479e-002
 1.320120e+006 1.015774e+000 4.967054e-002
 1.323868e+006 1.013532e+000 4.785716e-002
 1.327615e+006 1.014952e+000 5.401062e-002
 1.331363e+006 1.017438e+000 5.433698e-002
 1.335110e+006 1.012491e+000 5.210655e-002
 1.338858e+006 1.009951e+000 5.719400e-002
 1.342605e+006 1.013442e+000 5.460083e-002
 1.346353e+006 1.014034e+000 5.925560e-002
 1.350100e+006 1.014591e+000 6.487764e-002
 1.353848e+006 1.013952e+000 5.759576e-002
 1.357595e+006 1.008196e+000 5.992682e-002
 1.361343e+006 1.010995e+000 6.229937e-002
 1.365090e+006 1.014568e+000 5.996806e-002
 1.368838e+006 1.011639e+000 6.675775e-002
 1.372585e+006 1.013566e+000 6.405790e-002
 1.376333e+006 1.014614e+000 5.905443e-002
 1.380080e+006 1.013261e+000 6.354582e-002
 1.383828e+006 1.015793e+000 6.308399e-002
 1.387575e+006 1.015957e+000 6.565817e-002
 1.391323e+006 1.016371e+000 6.694259e-002
 1.395070e+006 1.017328e+000 6.240837e-002
 1.398818e+006 1.012849e+000 6.511147e-002
 1.402565e+006 1.015159e+000 6.383951e-002
 1.406313e+006 1.018643e+000 5.995270e-002
 1.410060e+006 1.015397e+000 6.403072e-002
 1.413808e+006 1.015951e+000 6.204265e-002
 1.417555e+006 1.015269e+000 6.236631e-002
 1.421303e+006 1.013256e+000 6.619637e-002
 1.425050e+006 1.016576e+000 6.137598e-002
 1.428798e+006 1.015193e+000 6.441558e-002
 1.432545e+006 1.013049e+000 6.673644e-002
 1.436293e+006 1.012825e+000 6.357434e-002
 1.440040e+006 1.009015e+000 7.023057e-002
 1.443788e+006 1.013724e+000 6.554583e-002
 1.447535e+006 1.016421e+000 6.214004e-002
 1.451283e+006 1.011384e+000 7.055736e-002
 1.455030e+006 1.013199e+000 6.597283e-002
 1.458778e+006 1.013812e+000 6.993178e-002
 1.462525e+006 1.013249e+000 7.389867e-002
 1.466273e+006 1.014680e+000 6.429148e-002
 1.470020e+006 1.010546e+000 7.382073e-002
 1.473768e+006 1.013865e+000 7.032611e-002
 1.477515e+006 1.015745e+000 6.306157e-002
 1.481263e+006 1.012309e+000 7.586458e-002
 1.485010e+006 1.015460e+000 6.499570e-002
 1.488758e+006 1.010356e+000 6.620914e-002
 1.492505e+006 1.012780e+000 7.601278e-002
 1.496253e+006 1.021197e+000 6.055791e-002
 1.500000e+006 1.013798e+000 7.288881e-002
